54383778 0 3 1 2 0
54383843 0 0 0 0 0
54383844 0 0 0 0 0
54384091 0 0 1 0 0
54384106 0 4 1 0 0
54384157 0 4 1 0 9
54384333 0 1 0 0 2
54384419 0 0 0 0 0
54384493 0 4 1 0 0
54384554 0 0 0 0 0
54384983 126 4 1 896 28
54385025 0 1 0 56 0
54385072 0 0 0 0 0
54385088 0 0 0 0 0
54385116 0 0 0 0 0
54385294 0 2 0 1 2
54385325 0 0 1 39 19
54385400 0 3 1 0 504
54385428 0 0 0 0 0
54385743 0 0 0 0 0
54385829 0 2 1 0 1
54385997 0 4 1 3 3
54386157 0 4 1 0 0
54386164 0 0 0 0 0
54386263 0 0 0 0 0
54386305 0 1 0 0 0
54386341 0 0 0 0 0
54386381 0 4 1 0 0
54386423 0 1 0 0 0
54386429 0 2 1 4452 81
54386486 0 1 0 0 1
54386540 1 4 1 27 19
54386799 0 0 0 0 0
54386998 0 0 0 0 0
54387340 0 0 0 0 0
54387740 0 0 0 0 0
54387786 0 1 0 0 15
54387897 0 0 0 0 0
54388161 0 4 1 0 0
54388175 0 0 0 0 0
54388244 0 4 1 0 896
54388454 0 3 1 0 2
54388675 0 1 0 0 1
54388696 0 2 1 225 31
54388823 0 0 0 0 0
54388884 0 0 0 0 0
54389123 0 0 0 0 0
54389181 0 2 1 0 1
54389227 0 1 0 0 1
54389382 0 0 0 0 0
54389546 0 0 0 0 0
54389648 0 0 0 0 0
54389672 54 1 1 71 3
54389816 0 0 0 0 0
54389906 0 0 0 0 0
54390047 0 0 0 0 0
54390132 0 0 0 0 0
54390320 0 0 0 0 0
54390337 0 0 0 0 0
54390908 0 0 0 0 0
54391019 0 4 0 0 0
54391151 0 1 0 0 0
54391182 0 0 0 0 0
54391227 0 4 1 0 9
54391375 0 2 1 0 851
54391454 0 0 0 0 0
54391610 0 4 1 1958 172
54391723 0 0 0 0 0
54391728 0 3 1 0 32
54391735 0 0 0 0 0
54391737 0 1 0 0 0
54391854 0 1 1 0 1
54391862 0 0 0 0 0
54391866 0 0 1 0 0
54391947 0 2 0 0 1
54391980 0 0 0 0 0
54392051 0 0 0 0 0
54392057 0 4 1 0 0
54392064 0 1 0 0 2
54392070 0 0 0 0 0
54392083 0 4 1 0 0
54392087 0 3 1 0 2
54392126 0 1 0 0 0
54392142 0 2 0 0 21
54392146 0 0 0 0 0
54392238 0 4 1 0 0
54392272 0 0 0 0 0
54392315 0 4 1 0 0
54392356 0 4 1 0 0
54392377 0 0 0 0 0
54392381 0 3 1 805 1195
54392389 0 3 1 579 5
54392424 0 1 0 0 0
54392447 0 0 0 0 0
54392462 0 1 0 0 1
54392471 0 0 0 0 0
54392495 0 1 0 0 0
54392517 0 0 0 0 0
54392577 0 1 1 0 0
54392585 0 4 1 0 2
54392635 0 2 1 0 0
54392662 0 2 0 0 4
54392711 0 1 1 2720 2
54392737 0 0 0 0 0
54392854 0 4 1 0 3
54392870 0 1 0 5 31
54392891 0 0 0 0 0
54392898 0 2 1 0 0
54392923 0 4 0 0 0
54393044 0 1 0 0 0
54393067 0 0 0 0 0
54393170 0 2 0 0 0
54393171 0 0 0 0 0
54393252 0 4 1 15 1
54393257 0 4 1 1840 104
54393273 0 4 0 0 0
54393308 0 4 0 0 0
54393315 1 2 1 38 40
54393349 0 4 1 0 0
54393391 0 2 1 0 33
54393399 0 4 1 6 19
54393405 0 3 1 20 6
54393420 0 4 1 4 8
54393429 0 0 0 0 0
54393445 0 0 0 0 0
54393475 0 1 1 0 1
54393489 0 1 1 0 0
54393513 0 4 1 78 4
54393515 0 4 1 0 191
54393572 0 0 0 0 0
54393659 0 0 0 0 0
54393695 0 0 0 0 0
54393713 0 3 1 0 227
54393739 0 4 1 0 1
54393813 0 4 1 0 13
54393846 0 1 0 0 1
54393847 0 4 1 0 1
54393862 0 0 0 0 0
54393895 0 3 1 0 25
54393921 0 0 0 0 0
54394008 0 3 1 0 0
54394015 0 0 0 0 0
54394040 0 0 0 0 0
54394055 0 4 1 0 0
54394096 0 3 0 0 0
54394103 0 0 0 0 0
54394156 0 0 0 0 0
54394232 0 0 0 0 0
54394236 0 4 1 0 0
54394281 0 4 1 0 6
54394295 0 0 0 0 0
54394347 0 0 0 0 0
54394440 0 1 0 0 0
54394481 0 3 1 0 1
54394496 0 4 1 0 20
54394497 0 4 1 0 0
54394501 0 0 0 0 0
54394517 0 1 0 0 0
54394533 0 0 0 0 0
54394539 0 4 1 5 11
54394572 0 4 1 0 0
54394620 0 4 1 0 87
54394637 0 1 0 1 1
54394685 0 4 1 0 69
54394730 0 0 0 0 0
54394744 0 0 0 0 0
54394791 0 4 1 0 26
54394795 0 4 1 1 3
54394797 0 4 1 0 0
54394800 0 3 1 79 63
54394868 0 0 0 0 0
54394902 0 3 0 3232 0
54394906 0 1 0 0 0
54394916 0 1 1 261 0
54394931 0 4 1 0 0
54395006 0 0 0 0 0
54395012 0 4 1 0 0
54395063 0 4 1 0 5
54395094 0 4 1 0 108
54395100 0 4 1 20 62
54395116 0 1 0 0 0
54395134 0 2 0 0 0
54395179 0 4 1 2 0
54395220 0 0 0 0 0
54395236 0 4 1 0 0
54395275 0 0 0 0 0
54395332 0 4 1 0 0
54395347 0 4 1 209 51
54395353 0 0 0 0 0
54395363 0 2 0 0 0
54395406 0 0 0 0 0
54395467 0 4 1 9 0
54395491 0 0 0 0 0
54395559 0 4 1 6 19
54395583 0 1 0 0 0
54395596 0 4 1 2648 1718
54395605 50 3 1 67 12
54395620 0 0 0 0 0
54395633 0 1 0 0 0
54395653 0 0 0 0 0
54395660 0 4 1 2 2
54395826 0 3 1 1 4
54395865 0 3 1 6 3
54395871 0 0 0 0 0
54395925 0 4 1 1 14
54395958 0 0 0 0 0
54395970 0 0 0 0 0
54396019 0 0 0 0 0
54396055 0 0 0 0 0
54396105 0 0 0 0 0
54396300 0 0 0 0 0
54396309 0 0 0 0 0
54396318 0 0 0 0 0
54396338 0 0 0 0 0
54396407 0 0 0 0 0
54396460 0 4 1 10 32
54396471 0 1 1 0 4
54396482 0 1 0 0 3
54396510 0 0 0 0 0
54396518 0 4 1 85078 8416
54396549 0 0 0 0 0
54396557 0 0 0 0 0
54396569 0 0 0 0 0
54396616 0 4 1 0 2
54396643 0 1 1 0 0
54396658 0 0 0 0 0
54396696 0 2 0 0 4
54396710 0 4 1 0 0
54396739 0 0 0 0 0
54396757 0 4 1 0 0
54396844 0 0 0 0 0
54396847 0 0 0 0 0
54396872 0 0 0 0 0
54396904 0 4 1 17 12
54396914 0 0 0 0 0
54397002 0 2 1 0 0
54397028 0 4 1 41 140
54397041 0 1 1 0 6
54397153 0 4 1 37 173
54397178 0 1 0 0 0
54397194 0 4 1 0 54
54397196 0 4 1 4406 992
54397200 0 0 0 0 0
54397234 0 0 0 0 0
54397235 0 3 1 7 3
54397281 0 2 0 0 0
54397302 0 0 0 0 0
54397330 0 4 1 0 0
54397337 0 0 0 0 0
54397354 0 0 0 0 0
54397372 0 0 0 0 0
54397380 0 2 0 0 0
54397385 0 3 1 0 0
54397413 0 0 0 0 0
54397419 0 1 0 0 0
54397421 0 0 0 0 0
54397449 0 2 1 2 1
54397465 0 0 0 0 0
54397487 0 2 1 37 6
54397502 0 2 1 17 58
54397519 0 0 0 0 0
54397531 0 4 1 4410 6
54397559 0 4 1 0 0
54397562 0 0 0 0 0
54397596 0 0 0 0 0
54397627 0 4 1 0 0
54397649 0 0 0 0 0
54397695 0 4 1 0 0
54397718 0 1 1 1 15
54397722 0 4 1 0 21
54397764 0 4 1 7218 0
54397776 0 0 0 0 0
54397810 0 1 0 0 0
54397831 0 0 0 0 0
54397836 1 4 1 0 16
54397904 0 3 1 1032 28
54397915 0 3 1 0 0
54397939 0 3 1 3 16865
54397940 0 0 0 0 0
54397955 0 4 1 12 22
54397961 0 3 1 361 255
54397964 0 0 0 0 0
54398139 0 0 0 0 0
54398176 0 0 0 0 0
54398183 0 3 1 20 142
54398243 0 4 1 47 182
54398257 0 1 0 0 0
54398273 0 4 1 112 125
54398308 0 3 1 0 0
54398359 0 0 0 0 0
54398370 0 4 1 0 34
54398381 0 0 0 0 0
54398389 0 3 0 0 5
54398391 0 0 1 0 0
54398425 0 0 0 0 0
54398510 0 3 1 0 1
54398511 0 2 1 0 5
54398524 0 1 0 0 1
54398549 0 4 1 23 0
54398576 0 0 0 0 0
54398593 0 4 1 0 5
54398625 0 3 1 22 83
54398730 0 2 0 0 0
54398739 0 4 1 1005 155
54398795 0 0 0 0 0
54398865 0 1 0 0 55
54398875 0 0 1 0 0
54398904 2 4 1 272 354
54398990 0 4 1 20 64
54399008 0 4 1 63 0
54399070 0 4 1 0 0
54399171 0 2 1 0 6
54399179 0 0 0 0 0
54399197 0 4 1 0 39
54399232 0 3 1 0 3
54399252 0 0 0 0 0
54399269 0 4 1 7007 6762
54399348 0 2 1 0 0
54399383 0 0 0 0 0
54399390 0 4 1 0 0
54399404 0 0 0 0 0
54399413 0 4 0 0 18
54399500 0 0 0 0 0
54399538 0 4 1 1 43
54399540 0 2 0 0 0
54399590 0 0 0 0 0
54399633 0 4 1 0 0
54399708 0 0 1 0 15
54399729 0 3 1 0 116
54399751 0 1 0 0 0
54399762 0 2 0 3525 76
54399799 0 3 1 0 130
54399804 0 0 0 0 0
54399827 0 4 1 0 0
54399895 0 4 1 1443 4
54399959 0 4 1 10 5
54399970 0 2 1 267 45
54400024 0 4 1 13 14
54400046 0 4 1 2 0
54400092 0 3 0 0 0
54400106 0 0 0 0 0
54400176 0 0 0 0 0
54400255 0 1 1 0 6
54400266 0 4 1 23923 5281
54400278 0 1 0 0 0
54400282 0 4 1 0 0
54400300 0 3 1 0 40
54400313 0 0 0 0 0
54400320 0 0 0 0 0
54400341 0 1 0 0 0
54400391 0 1 0 1 1
54400430 0 0 0 0 0
54400578 0 4 1 0 0
54400619 0 2 1 0 0
54400680 0 0 0 0 0
54400685 0 0 0 0 0
54400740 282 0 0 0 0
54400761 0 4 1 3 0
54400813 0 0 0 0 0
54400825 0 4 1 0 0
54400853 0 4 1 0 0
54400909 0 0 0 0 0
54400914 0 2 0 18 4
54400968 0 4 1 3 8
54400988 0 0 0 0 0
54401022 0 3 1 0 0
54401023 0 4 1 3272 319
54401224 0 2 1 0 24
54401225 0 4 1 30 49
54401369 0 3 1 2614 270
54401383 0 2 0 2 2
54401385 0 0 0 0 0
54401395 0 1 0 0 0
54401635 0 3 0 0 0
54401675 0 0 0 0 0
54401818 0 0 0 0 0
54401878 0 0 0 0 0
54401935 0 1 0 0 1
54401950 5 0 0 0 0
54401961 0 3 1 0 0
54401985 0 0 0 0 0
54402012 0 4 1 58 22
54402023 0 0 0 0 0
54402093 0 0 0 0 0
54402112 0 0 0 0 0
54402150 0 0 0 0 0
54402159 0 0 0 0 0
54402188 0 0 0 0 0
54402216 0 4 1 651 33
54402218 0 0 0 0 0
54402241 0 3 1 5 23
54402254 0 0 0 0 0
54402327 0 0 0 0 0
54402358 0 4 1 26 24
54402481 0 0 0 0 0
54402499 0 0 0 0 0
54402510 0 0 0 0 0
54402597 0 4 0 0 0
54402679 0 0 0 0 0
54402751 0 0 0 0 0
54402849 1 4 1 67 3
54402910 0 0 1 0 0
54402947 0 4 1 0 172
54402954 0 0 0 0 0
54402979 0 0 0 0 0
54403011 0 2 0 0 20
54403015 0 0 0 0 0
54403030 0 0 0 0 0
54403054 0 0 0 0 0
54403096 0 0 0 0 0
54403145 0 4 1 4 32
54403208 0 4 1 0 0
54403227 0 0 0 0 0
54403289 0 1 0 0 1
54403298 0 0 0 0 0
54403318 0 4 1 76 79
54403351 0 0 0 0 0
54403374 0 2 1 0 0
54403384 0 0 0 0 0
54403409 0 3 0 0 0
54403437 0 4 1 6791 258
54403563 0 4 1 2 2
54403618 0 0 0 0 0
54403633 0 3 1 0 0
54403670 0 3 1 0 0
54403717 0 0 0 0 0
54403850 0 1 1 0 0
54403865 0 0 0 0 0
54404070 0 1 0 0 0
54404104 0 3 1 168 8
54404109 0 4 1 13 6
54404112 0 0 0 0 0
54404117 90 1 1 61 75
54404363 26 2 1 495 180
54404458 0 0 0 0 0
54404590 0 1 1 0 1
54404618 0 0 0 0 0
54404628 0 1 1 0 0
54404666 0 1 0 0 20
54404680 0 4 1 0 4
54404842 0 4 1 424 438
54404895 0 1 0 0 0
54404970 0 4 1 0 0
54405017 0 2 1 0 0
54405363 0 4 1 0 1
54405459 0 0 0 0 0
54405726 0 4 1 0 15
54405793 0 4 1 0 363
54405843 11 3 1 308 289
54405871 11 0 1 0 0
54405880 0 3 1 0 0
54405905 0 0 0 0 0
54405915 0 2 0 0 0
54405926 0 0 1 0 1
54406031 0 1 1 0 0
54406063 0 4 1 0 0
54406068 0 4 0 0 0
54406088 0 2 0 0 1
54406163 2 3 0 51 523
54406224 0 2 1 0 22
54406295 0 4 0 0 14
54406314 0 0 0 0 0
54406324 0 2 1 0 1
54406328 0 0 0 0 0
54406365 0 4 1 0 0
54406452 0 1 0 0 0
54406467 0 0 0 0 0
54406505 0 0 1 0 0
54406578 0 4 1 0 6
54406609 0 1 0 0 0
54406624 0 0 0 0 0
54406625 0 1 0 0 0
54406702 0 1 1 0 0
54406752 0 0 0 0 0
54406947 0 4 1 0 2
54406952 0 0 0 0 0
54406991 0 4 1 4169 0
54407072 0 0 0 0 0
54407173 0 1 0 0 5
54407252 0 3 0 0 1
54407425 0 3 0 0 0
54407427 0 3 1 4932 78
54407463 0 4 1 0 3
54407641 0 4 1 2512 245
54407656 0 1 1 0 2
54407704 0 0 1 0 0
54407741 0 4 1 4729 0
54407745 0 1 0 2 5
54407792 0 0 0 0 0
54407931 0 4 1 0 0
54408046 0 0 0 0 0
54408079 0 0 0 0 0
54408173 0 3 1 0 33
54408194 0 4 1 1535 728
54408258 0 0 0 0 0
54408293 15 4 1 0 0
54408403 0 4 1 0 2
54408470 0 0 0 0 0
54408476 0 3 1 0 18
54408489 0 0 0 0 0
54408534 0 0 0 0 0
54408555 0 0 0 0 0
54408594 0 0 0 0 0
54408665 0 0 0 0 0
54408782 0 0 0 0 0
54408783 0 1 0 0 1
54408802 0 3 1 9122 294
54408829 0 3 1 2 8
54408866 0 1 0 0 0
54408886 0 4 1 0 0
54408888 0 0 0 0 0
54409112 0 3 1 111 10
54409220 0 4 1 2 9
54409240 0 0 0 0 0
54409295 0 3 1 148 240
54409308 492 4 1 1319 72
54409323 0 2 0 0 6
54409363 0 1 0 0 0
54409436 0 4 1 20 13
54409574 0 2 1 43 0
54409592 0 4 1 1 0
54409594 0 0 0 0 0
54409618 0 4 1 3420 5551
54409661 0 0 1 0 0
54409668 0 1 0 0 3
54409694 0 4 1 0 2
54409699 0 2 0 0 0
54409708 0 0 0 0 0
54409762 0 3 1 0 0
54410031 0 0 0 0 0
54410100 0 2 1 0 22619
54410115 0 0 0 0 0
54410162 209 1 1 91 15
54410176 0 4 1 829 102
54410198 0 4 1 1 20
54410258 0 2 0 0 0
54410401 0 0 1 0 0
54410566 0 2 1 0 0
54410584 0 0 0 0 0
54410593 0 2 0 0 0
54410611 0 0 0 0 0
54410643 0 0 0 0 0
54410716 0 1 1 0 4
54410731 0 4 1 0 633
54410743 0 0 0 0 0
54410782 0 0 0 0 0
54410795 0 0 0 0 0
54410809 0 1 0 1 0
54410841 1 1 1 131 12
54410877 0 3 1 184 41
54410959 0 2 0 0 0
54411010 0 0 0 0 0
54411022 0 2 0 0 1
54411071 0 3 1 0 0
54411137 0 0 1 0 0
54411159 0 3 1 8 28
54411219 0 4 1 3415 1312
54411262 0 4 1 4216 177
54411287 0 4 1 17105 0
54411328 17 2 0 1 4
54411359 0 0 0 0 0
54411555 0 0 0 0 0
54411572 0 1 0 0 0
54411584 0 0 0 0 0
54411614 0 0 1 3 7
54411631 0 1 0 0 0
54411649 36 1 0 0 0
54411743 0 4 1 0 136
54411769 0 3 1 672 1070
54411818 0 2 0 27 0
54411839 0 1 0 0 2
54411941 0 0 0 0 0
54411942 0 4 1 4846 1
54411965 0 2 1 0 1
54411977 0 4 1 381 825
54411982 0 0 0 0 0
54412068 0 0 0 0 0
54412099 0 1 1 749 5
54412164 0 1 1 0 2
54412202 2 3 1 0 1
54412282 0 1 0 0 0
54412297 0 4 1 0 11
54412491 11 0 0 5 0
54412611 0 0 0 0 0
54412635 0 4 1 0 0
54412646 0 4 1 2172 458
54412649 0 4 1 647 25
54412693 0 0 0 0 0
54412752 0 3 1 0 3
54412772 0 0 0 0 0
54412790 0 4 1 59 167
54412865 0 3 0 0 0
54412885 0 0 0 0 0
54412944 0 0 0 0 0
54412945 0 0 0 0 0
54412951 0 4 1 67 733
54412979 0 4 1 541 64
54412995 0 0 1 0 2
54413020 0 0 0 0 0
54413106 0 0 0 0 0
54413146 0 4 1 0 0
54413158 0 1 1 1 1
54413185 0 4 1 120 6
54413188 0 3 1 68 1
54413248 0 0 0 0 0
54413323 0 1 0 0 0
54413433 0 4 1 0 0
54413459 0 4 1 13 8
54413483 0 2 0 0 0
54413512 0 2 1 0 27
54413515 0 0 0 0 0
54413516 0 2 1 0 2
54413587 0 0 0 0 0
54413641 0 0 0 0 0
54413663 0 4 1 8 22
54413667 0 4 1 0 0
54413668 0 3 0 2762 203
54413721 3 1 1 22 247
54413726 0 2 0 0 1
54413740 2 3 1 74 18
54413756 88 4 1 1 0
54413783 0 0 0 0 0
54413793 0 1 0 0 0
54413922 0 0 0 0 0
54413943 0 4 1 0 0
54413976 0 0 0 0 0
54414012 0 0 0 0 0
54414067 0 0 0 0 0
54414076 0 3 0 0 2
54414124 0 4 0 40334 1056
54414175 0 0 0 0 0
54414207 0 3 1 660 1
54414208 0 0 0 0 0
54414232 0 2 1 69 1
54414305 0 2 1 0 20
54414341 0 0 0 0 0
54414487 0 4 1 8 190
54414519 0 4 1 0 11
54414576 0 3 1 336 1
54414617 0 2 0 0 1
54414659 0 0 0 0 0
54414682 0 0 0 0 0
54414691 0 0 0 0 0
54414698 0 4 1 0 15
54414709 0 2 0 0 5
54414726 0 0 0 0 0
54414753 0 2 0 2 3
54414776 0 3 1 0 201
54414820 116 1 0 131 10
54414880 0 3 0 8 2
54414932 0 3 1 27818 30
54415009 0 0 0 0 0
54415038 0 4 1 0 0
54415061 0 2 0 0 0
54415063 0 0 0 0 0
54415101 0 4 1 0 0
54415108 0 0 0 0 0
54415246 0 0 0 0 0
54415300 0 0 0 0 0
54415318 0 2 1 0 1
54415346 0 1 0 0 0
54415392 0 2 0 0 11
54415402 0 1 0 0 1
54415438 0 3 0 0 0
54415460 0 2 1 0 0
54415555 0 4 1 0 0
54415576 0 3 1 6 3
54415580 0 0 0 0 0
54415608 0 3 1 2 10
54415622 0 4 1 0 0
54415623 0 0 0 0 0
54415627 0 4 1 7 2
54415691 0 4 1 6178 1492
54415699 0 1 0 30 2
54415711 0 4 1 0 1
54415821 0 0 0 0 0
54415936 0 4 1 0 0
54415943 0 0 0 0 0
54415996 0 4 1 4 13
54416149 0 4 1 0 0
54416161 0 0 0 0 0
54416287 0 4 1 2398 156
54416324 0 4 1 4 18
54416345 0 4 1 15 5
54416381 0 0 0 0 0
54416440 0 4 1 0 0
54416473 0 4 1 149 97
54416495 0 0 1 0 0
54416505 0 4 1 0 1
54416507 0 4 1 50 1
54416539 0 4 1 32 36
54416557 0 0 1 18 59
54416606 0 1 0 0 2
54416652 0 3 1 0 8
54416655 0 4 1 0 0
54416711 0 0 0 0 0
54416736 0 4 1 0 0
54416752 0 3 0 264 5
54416825 0 4 1 58 40
54416839 0 4 1 12 73
54416859 0 0 0 0 0
54416897 0 3 0 1 5
54416918 0 0 0 0 0
54416995 0 4 1 0 0
54417021 0 4 1 0 0
54417052 0 1 0 0 0
54417149 0 4 1 1737 394
54417200 0 2 1 0 15
54417320 0 0 1 0 7
54417423 0 4 1 21 2
54417449 0 2 0 0 0
54417458 0 4 1 11 0
54417504 0 2 0 0 15
54417558 0 4 1 7184 293
54417569 0 0 1 0 2
54417571 0 3 1 0 2
54417581 0 1 1 0 2
54417782 0 0 0 0 0
54417977 0 1 1 68 64
54418097 0 0 0 0 0
54418101 0 2 0 0 0
54418112 0 2 0 0 5
54418242 0 0 0 0 0
54418248 0 0 0 0 0
54418252 335 1 1 1 1
54418313 0 3 0 0 0
54418346 0 1 0 0 0
54418425 0 0 0 0 0
54418430 78 2 1 45 6
54418539 0 1 0 0 1
54418564 0 0 0 0 0
54418619 0 0 0 0 0
54418638 0 0 0 0 0
54418707 0 4 1 0 61
54418720 0 2 1 9 2
54418753 0 4 1 125 248
54418797 0 0 0 0 0
54418809 0 0 0 0 0
54418825 0 2 1 0 2
54418851 0 2 0 0 3
54418854 0 0 0 0 0
54418939 0 0 0 0 0
54418949 0 0 0 0 0
54418960 0 4 1 4461 39
54419034 0 3 1 118 11
54419049 0 4 1 0 5
54419060 0 4 1 0 2
54419250 0 0 0 0 0
54419261 0 0 0 0 0
54419279 0 0 1 0 0
54419332 0 0 0 0 0
54419343 0 1 0 0 1
54419379 0 0 0 0 0
54419422 0 0 0 0 0
54419433 0 0 0 0 0
54419534 0 0 0 0 0
54419582 0 4 1 92 2
54419611 0 0 0 0 0
54419620 0 4 1 458 139
54419630 0 3 1 0 1
54419876 0 0 0 0 0
54419889 0 3 1 0 71
54419971 0 0 0 0 0
54419976 0 3 1 23 19
54419991 0 4 1 0 0
54419998 0 0 0 0 0
54420096 0 1 0 0 0
54420257 120 3 1 2799 4
54420310 0 0 0 0 0
54420321 0 4 1 4 2
54420376 0 0 0 0 0
54420414 0 3 0 7 15
54420467 434 4 1 1 3
54420497 0 3 1 4 0
54420535 0 4 1 0 50
54420595 0 0 0 0 0
54420709 0 4 1 0 6
54420722 0 1 1 0 0
54420729 653 4 1 32603 2224
54420847 0 4 1 0 0
54420870 0 4 1 0 34
54420897 0 3 1 465 16
54420954 0 1 0 0 0
54420963 0 0 0 0 0
54420992 0 4 1 0 0
54421020 0 0 0 0 0
54421058 0 0 0 0 0
54421115 0 1 1 0 1
54421146 0 1 1 3542 95
54421149 0 4 1 3 7
54421242 14 4 0 136 42
54421282 0 4 1 8 22
54421358 0 0 0 0 0
54421375 0 1 0 0 0
54421499 0 0 0 0 0
54421696 0 0 1 0 0
54421717 0 0 0 0 0
54421723 0 0 0 0 0
54421805 0 4 1 0 10
54421833 0 0 0 0 0
54421896 0 3 0 0 3
54422001 0 0 0 0 0
54422010 0 0 1 0 0
54422065 0 4 1 0 212
54422075 0 0 0 0 0
54422095 0 3 1 0 0
54422185 0 0 0 0 0
54422365 0 0 0 0 0
54422396 0 0 0 0 0
54422404 0 0 0 0 0
54422480 0 1 1 41811 478
54422503 0 0 0 0 0
54422540 0 1 0 0 0
54422638 0 0 0 0 0
54422664 0 2 1 0 0
54422680 0 4 1 0 0
54422726 0 1 0 0 20
54422761 0 0 0 0 0
54422764 0 1 0 0 0
54422831 0 1 0 81 12
54422909 0 0 1 3 193
54422951 0 0 0 0 0
54423042 0 4 1 0 23
54423053 0 1 0 0 2
54423066 0 4 1 1 3
54423114 0 0 0 0 0
54423159 0 0 0 0 0
54423257 0 4 1 64 13
54423290 0 4 1 5040 0
54423421 41 4 1 10 11
54423459 0 0 0 0 0
54423530 0 0 0 0 0
54423590 0 0 0 0 0
54423645 0 4 1 0 0
54423672 0 4 1 0 33
54423728 0 0 0 0 0
54423734 0 0 0 0 0
54423759 0 1 1 0 2
54423764 0 1 0 0 17
54423919 0 2 0 0 2
54423925 70 1 1 19 1
54423956 0 2 0 1 2
54424012 0 4 1 0 14
54424048 0 1 0 0 0
54424068 0 0 0 0 0
54424141 0 1 0 0 24
54424155 0 2 0 1 3
54424184 0 0 0 0 0
54424187 0 1 0 0 1
54424216 0 0 0 0 0
54424224 0 0 0 0 0
54424240 0 0 0 0 0
54424306 0 1 0 0 1
54424471 0 3 1 0 0
54424542 0 2 1 1 306
54424552 0 0 0 0 0
54424601 0 0 0 0 0
54424759 0 0 0 0 0
54424813 0 0 0 0 1
54424832 0 3 1 1 81
54424851 0 0 0 0 0
54424918 0 1 0 0 1
54424941 0 4 1 0 0
54424980 0 4 1 0 0
54425019 0 0 1 0 0
54425061 0 4 1 247 0
54425080 0 3 1 39 23
54425095 0 3 1 0 5233
54425136 0 2 0 2 1
54425142 0 3 1 1 1
54425185 0 3 1 0 1
54425288 0 0 0 0 0
54425307 0 4 1 247 0
54425382 0 0 1 0 3
54425406 0 0 0 0 0
54425480 0 4 1 8 12
54425539 0 1 0 0 0
54425552 0 3 0 157 0
54425622 0 0 0 0 0
54425734 0 4 1 8 11
54425791 0 4 1 147 0
54425868 0 0 0 0 0
54425876 0 2 1 0 0
54425902 0 4 1 14 2
54425965 0 1 0 0 0
54425967 0 4 1 0 3
54425975 0 0 0 0 0
54426016 0 0 0 0 0
54426023 0 0 0 0 0
54426030 5 3 1 0 2
54426035 0 0 0 0 0
54426135 0 4 1 0 8
54426146 0 3 1 0 0
54426310 13 4 1 142 94
54426360 0 4 1 12 12
54426665 0 2 0 0 0
54426672 0 4 1 240 1
54426698 0 0 0 0 0
54426751 0 4 1 3 0
54426775 0 3 1 130 22
54426887 0 4 1 0 0
54427105 0 0 0 0 0
54427111 0 1 1 0 0
54427115 0 1 1 0 0
54427185 0 1 0 0 1931
54427265 0 0 0 0 0
54427282 0 3 1 21 29
54427395 0 4 1 76 168
54427445 0 2 0 22 3
54427489 0 0 0 0 0
54427506 0 4 1 0 3
54427562 0 4 1 0 5
54427570 0 3 1 0 0
54427647 0 2 1 0 0
54427686 0 0 0 0 0
54427737 0 1 1 0 2
54427741 0 0 0 0 0
54427766 0 4 1 2 2
54427794 0 4 1 0 0
54427849 0 1 0 0 1
54427865 0 3 0 0 1
54427869 0 1 0 0 5
54427875 0 0 0 0 0
54427888 0 4 1 0 25
54427998 0 4 1 94 60
54428061 0 0 0 0 0
54428086 0 1 0 0 0
54428160 0 0 0 0 0
54428167 39 3 1 2 20
54428220 0 1 0 0 2
54428322 0 0 0 0 0
54428421 0 4 1 113 0
54428527 1160 4 1 2215 696
54428553 0 0 0 0 0
54428567 0 3 0 0 1
54428602 0 4 1 1 13
54428612 0 3 0 0 58
54428640 0 3 0 0 17
54428645 0 0 0 0 0
54428757 0 0 0 0 0
54428780 0 1 1 0 30
54428798 0 0 0 0 0
54428905 0 0 0 0 0
54429066 0 0 0 0 0
54429096 0 0 1 0 1
54429220 0 1 1 28 2
54429254 0 0 0 0 0
54429368 0 3 1 224 56
54429475 0 0 0 0 0
54429503 0 1 1 0 0
54429634 0 3 1 0 1
54429660 0 4 1 0 173
54429751 0 3 0 3 5
54429754 0 3 0 0 0
54429784 0 1 1 948 23
54429849 0 0 0 0 0
54429892 0 4 1 0 0
54429988 0 4 1 0 22
54430038 0 4 0 3054 285
54430067 0 0 1 0 1
54430221 0 4 1 2 3
54430272 0 3 1 0 1
54430318 0 3 1 3568 71
54430392 0 0 0 0 0
54430397 0 0 0 0 0
54430444 0 2 0 0 2
54430480 0 3 1 0 2
54430484 0 1 1 46 90
54430603 0 4 1 4 11
54430606 5 0 0 0 0
54430616 0 4 1 0 201
54430680 0 1 1 0 0
54430835 0 4 1 0 5
54430871 0 4 1 0 0
54430895 0 0 0 0 0
54430896 0 4 1 0 0
54430944 0 1 0 11 14
54431227 0 0 0 0 0
54431278 0 0 0 0 0
54431293 0 4 1 0 24
54431321 0 0 0 0 0
54431364 0 0 0 0 0
54431445 0 0 0 0 0
54431507 0 0 0 0 0
54431524 0 0 0 0 0
54431743 0 2 0 0 0
54431851 0 2 1 166 259
54431859 0 3 1 1 3
54431866 0 1 0 0 1
54431975 0 0 0 0 0
54432049 0 4 1 0 0
54432392 0 0 0 0 0
54432540 0 1 1 0 0
54432580 0 3 1 0 0
54432678 0 1 0 0 0
54432697 0 0 0 0 0
54432707 0 3 1 0 1
54432734 0 0 0 0 0
54432821 0 2 1 0 0
54432854 0 4 1 0 0
54432876 0 2 0 0 0
54432997 0 3 1 2 115
54433035 0 0 0 0 0
54433281 0 0 0 0 0
54433548 0 0 0 0 0
54433599 0 1 0 0 22
54433737 0 0 0 0 0
54433756 163 3 1 152 25
54433762 0 0 0 0 0
54433781 0 3 0 0 12
54433791 0 0 0 0 0
54433977 0 0 0 0 0
54434030 0 0 0 0 0
54434056 0 2 1 0 1
54434151 0 1 0 0 1
54434251 0 2 1 129101 5
54434378 0 4 1 876 122
54434397 0 1 1 57 496
54434619 0 4 1 90 165
54434731 0 0 0 0 0
54434900 0 4 1 1780 38
54434938 0 0 0 0 0
54435233 0 3 1 1321 21
54435251 0 1 0 0 0
54435266 0 4 1 18 2
54435303 0 4 1 37 137
54435598 0 4 1 0 102
54435641 0 0 0 0 0
54435723 0 0 0 0 0
54435780 0 0 1 0 0
54435810 0 2 0 0 0
54435870 0 3 1 0 0
54435883 0 1 0 0 7
54436074 0 0 0 0 0
54436343 0 4 1 1 0
54436376 0 2 0 0 0
54436403 0 4 1 0 0
54436553 0 0 0 0 0
54436643 0 0 0 0 0
54436664 0 0 0 0 0
54436701 0 0 0 0 0
54436840 0 0 0 0 0
54436893 0 2 0 0 5
54436909 0 3 1 0 33
54436971 0 0 0 0 0
54437110 4 0 0 0 0
54437222 0 0 0 0 0
54437362 0 0 1 0 0
54437478 0 0 0 0 0
54437490 0 3 1 0 0
54437565 0 4 1 0 0
54437612 0 0 0 0 0
54437824 0 4 1 0 8
54437882 0 0 0 0 0
54437902 0 4 1 0 0
54438012 0 1 0 0 0
54438038 0 0 0 0 0
54438138 0 1 0 0 0
54438262 0 0 0 0 0
54438437 0 0 0 0 0
54438663 0 1 0 0 4
54438746 0 0 0 0 0
54438937 0 4 1 0 2
54438948 0 1 0 0 0
54439144 739 2 1 1719 6
54439257 82 3 1 1483 370
54439289 0 2 1 1 100
54439379 0 1 0 0 0
54439443 0 0 0 0 0
54439705 0 4 1 0 5056
54439729 0 4 0 0 0
54439940 0 4 1 0 1
54439968 0 0 0 0 0
54440022 0 3 1 0 0
54440038 0 1 0 8 0
54440075 0 3 1 62 231
54440378 0 3 1 0 52
54440541 0 0 0 0 0
54440725 0 0 1 1 0
54440764 0 4 1 1175 161
54440950 0 4 1 0 4
54440990 0 4 1 73888 8095
54441124 21 3 1 9 1656
54441150 0 0 0 0 0
54441171 2 3 1 0 29
54441308 0 0 0 0 0
54441454 0 3 1 0 0
54441561 0 4 1 0 0
54441706 0 1 0 960 3
54441880 0 4 1 0 1
54442060 0 0 0 0 0
54442108 0 1 1 0 3
54442256 0 3 0 5 14
54442304 0 0 0 0 0
54442411 0 3 1 1 0
54442482 0 4 1 204 25
54442486 6 2 1 71 50
54442513 0 4 1 0 0
54442551 0 0 0 0 0
54442559 0 3 1 0 0
54442908 0 2 0 0 0
54442917 0 1 0 0 0
54442926 0 0 1 0 0
54442936 0 0 0 0 0
54442973 0 1 1 0 9
54443128 0 4 1 0 0
54443176 0 4 1 35 1
54443203 0 0 0 0 0
54443310 0 3 0 0 0
54443369 0 4 1 0 2
54443418 0 1 0 0 0
54443419 0 0 0 0 0
54443488 0 1 0 0 0
54443681 0 4 1 0 0
54443715 0 2 0 0 0
54443716 0 0 0 0 0
54443876 0 4 1 0 0
54443914 0 1 0 0 0
54444064 0 0 0 0 0
54444126 0 0 1 0 0
54444137 0 4 1 8 2
54444278 0 0 0 0 0
54444374 0 1 0 23 1
54444382 0 1 1 1938 0
54444392 0 2 1 0 10
54444436 0 2 0 0 0
54444486 0 0 0 0 0
54444512 0 1 1 0 0
54444516 0 1 0 1441 6
54444557 0 4 1 79 1
54444573 0 1 0 0 1
54445022 0 4 1 7937 209
54445207 0 1 1 0 2
54445325 0 2 0 0 0
54445407 0 3 1 205 149
54445434 2 1 0 0 0
54445502 0 1 0 0 0
54445543 0 0 0 0 0
54445565 0 0 0 0 0
54445635 0 0 0 0 0
54445744 0 4 1 0 0
54445904 0 0 0 0 0
54446080 0 0 0 0 0
54446185 0 0 0 0 0
54446198 0 0 0 0 0
54446251 0 1 1 1167 48
54446439 0 0 0 0 0
54446447 0 2 1 1 2
54446562 9 3 1 3535 8
54446717 0 0 0 0 0
54446758 0 2 1 0 0
54446808 0 0 0 0 0
54446868 0 2 0 0 0
54446878 0 4 0 0 0
54446979 0 4 1 110 2623
54446995 0 3 1 0 8
54447016 1 1 0 0 0
54447021 0 4 1 172 20
54447037 0 0 0 0 0
54447248 0 1 0 0 2
54447439 0 1 1 7 4
54447445 79 3 1 2153 401
54447489 0 0 0 0 0
54447513 57 4 1 57 574
54447535 0 1 1 0 0
54447560 0 1 1 0 0
54447582 0 3 1 13 38
54447645 0 0 0 0 0
54447649 0 0 0 0 0
54447695 0 1 0 0 1588
54447852 0 0 0 0 0
54447973 0 4 1 0 0
54448049 0 4 1 0 18
54448072 0 3 0 0 0
54448255 0 1 1 0 0
54448271 0 0 0 0 0
54448345 0 3 1 0 0
54448374 0 1 0 0 0
54448388 47 0 0 0 0
54448431 0 2 1 0 0
54448514 0 2 0 0 0
54448625 0 0 0 0 0
54448732 0 2 1 0 1
54448787 0 0 0 0 0
54448902 0 4 1 0 0
54448903 0 0 0 0 0
54448926 0 1 0 0 0
54449002 0 1 1 293 0
54449106 0 1 0 0 0
54449173 0 1 0 0 36
54449267 0 3 1 9 60
54449345 0 2 0 0 0
54449459 0 2 0 0 2
54449584 0 4 1 0 0
54449610 0 2 1 0 0
54449702 0 3 0 0 0
54449763 2 4 1 0 6
54449945 0 1 0 0 0
54450195 0 4 1 1 7
54450334 0 4 1 0 1
54450436 0 0 0 0 0
54450471 0 2 0 0 0
54450607 0 0 0 0 0
54450651 0 0 0 0 0
54450680 0 2 1 0 0
54450682 0 1 0 0 0
54450805 0 2 1 0 1
54450961 0 0 0 0 0
54451356 0 4 1 0 0
54451554 0 4 0 0 0
54451637 0 3 1 0 6
54451761 0 0 1 0 0
54451801 0 0 0 0 0
54452011 0 0 0 0 0
54452059 0 1 0 0 1
54452340 0 2 0 2 15
54452551 0 0 0 0 0
54452613 0 0 0 0 0
54452732 0 0 0 0 0
54452864 0 1 1 2109 180
54452945 0 0 0 0 0
54452962 0 2 0 0 4014
54453037 0 4 1 0 2
54453072 0 4 1 44 35
54453087 0 4 1 763 296
54453247 0 4 1 0 0
54453314 0 3 1 0 3
54453483 0 4 0 193 39
54453507 0 4 1 9131 643
54453662 0 3 0 0 0
54453801 0 2 0 0 3
54453976 0 1 0 20 0
54454063 0 0 0 0 0
54454222 0 0 0 0 0
54454438 0 0 0 0 0
54454439 0 4 1 0 2038
54454495 0 3 1 375 870
54454588 0 3 1 0 0
54454674 0 0 0 0 0
54454834 0 0 0 0 0
54455034 0 0 0 0 0
54455084 0 4 1 8688 636
54455098 1 2 1 0 15
54455177 0 0 0 0 0
54455193 0 3 1 0 4
54455247 0 0 0 0 0
54456019 0 3 1 0 0
54456054 0 0 0 0 0
54456094 0 0 0 0 0
54456104 2 1 1 2 5
54456224 25 2 1 63 16
54456267 0 2 0 0 1
54456426 0 1 1 0 5
54456497 0 1 0 0 0
54456514 0 0 0 0 0
54456638 0 0 0 0 0
54456663 0 0 1 0 0
54456921 0 0 0 0 0
54456930 0 0 0 0 0
54456992 0 4 1 0 1
54457263 325 1 1 188 2
54457449 0 4 1 13 3
54457530 0 1 0 0 0
54457551 0 0 0 0 0
54457664 0 0 0 0 0
54457788 0 0 0 0 0
54458102 0 0 0 0 0
54458162 0 1 0 0 1
54458172 0 0 0 0 0
54458439 0 4 1 0 11
54458587 0 0 0 0 0
54458911 0 0 0 0 0
54458973 0 3 1 0 0
54459114 0 0 0 0 0
54459176 0 2 0 312 79
54459301 0 4 1 0 0
54459452 0 1 0 39 77
54459532 0 0 0 0 0
54459536 0 3 0 29 1
54459577 0 3 1 2 7
54459606 0 0 0 0 0
54459843 0 4 1 0 3
54459906 0 3 1 76 36
54459965 28 2 1 238 91
54459982 0 1 0 0 0
54459995 0 2 1 17 2
54460007 0 0 0 0 0
54460079 0 1 0 0 0
54460181 0 0 0 0 0
54460249 0 0 0 0 1
54460325 0 0 0 0 0
54460329 0 1 0 1 6
54460346 0 3 0 2 41
54460408 0 2 0 59 109
54460653 0 1 0 22 0
54460692 0 0 0 0 0
54460777 0 1 1 88 16
