54383840	0	0	0	0	0
54383859	0	0	0	0	0
54383887	0	0	0	0	0
54383900	100	0	0	0	0
54383920	100	0	0	0	0
54383938	100	0	100	100	0
54383945	0	0	0	0	0
54383967	0	0	0	0	0
54383974	0	0	0	0	0
54383994	100	0	0	0	0
54384042	100	0	100	100	0
54384073	0	0	100	0	0
54384074	0	0	0	0	0
54384108	0	0	0	0	0
54384119	0	0	0	0	0
54384141	0	0	100	0	0
54384165	0	0	0	0	0
54384167	0	0	0	0	0
54384237	0	0	0	0	0
54384239	0	0	0	0	0
54384241	100	0	0	0	0
54384247	0	0	0	0	0
54384252	100	0	100	0	1
54384258	0	0	100	0	0
54384262	0	0	0	0	0
54384272	0	0	0	0	0
54384278	100	0	0	0	0
54384300	0	0	0	0	0
54384310	0	0	0	0	0
54384317	100	0	0	0	0
54384318	33	0	100	0	0
54384324	0	0	100	0	0
54384378	0	0	0	0	0
54384381	0	0	0	0	0
54384387	0	0	0	0	0
54384398	0	0	0	0	0
54384411	0	0	0	0	0
54384465	0	0	0	0	0
54384483	100	0	100	0	0
54384485	0	0	0	0	0
54384525	0	0	0	0	0
54384539	100	0	0	0	0
54384545	0	0	0	0	0
54384548	0	50	0	0	1
54384572	100	0	100	0	0
54384620	100	0	100	0	0
54384632	0	0	0	0	0
54384635	0	0	0	0	0
54384716	100	0	0	0	0
54384739	100	0	100	0	0
54384760	0	0	0	0	0
54384778	0	0	0	0	0
54384787	100	0	100	0	0
54384790	33	0	0	0	0
54384794	0	0	0	0	0
54384796	100	50	100	100	2
54384834	0	0	0	0	0
54384836	100	0	100	0	0
54384854	66	0	100	60	0
54384860	100	0	0	0	0
54384877	0	0	0	0	0
54384882	0	0	0	0	0
54384897	0	0	0	0	0
54384932	100	0	0	0	0
54384949	0	0	0	0	0
54384951	100	0	0	0	0
54384975	0	0	0	0	0
54384998	100	0	0	0	0
54385001	100	0	100	0	0
54385014	0	0	100	0	0
54385046	0	0	0	0	0
54385047	100	0	100	0	0
54385053	0	0	0	0	0
54385058	0	0	0	0	0
54385061	100	0	100	0	0
54385095	100	0	0	0	0
54385140	0	0	0	0	0
54385153	100	0	100	40	0
54385191	0	0	0	0	0
54385197	0	0	100	0	0
54385232	0	0	100	0	0
54385234	100	0	0	0	0
54385242	0	0	100	0	0
54385246	33	0	0	0	0
54385247	100	0	100	100	0
54385260	100	0	100	0	0
54385283	100	0	0	0	0
54385286	0	0	100	0	0
54385295	100	0	0	0	0
54385317	0	0	0	0	0
54385324	0	0	100	0	0
54385341	0	0	0	0	0
54385346	100	0	100	0	0
54385349	0	0	0	0	0
54385371	0	0	0	0	0
54385412	100	0	0	0	0
54385429	100	0	100	40	0
54385434	0	0	0	0	0
54385438	0	0	0	0	0
54385472	100	0	0	0	0
54385474	0	0	100	0	0
54385496	100	0	0	0	0
54385503	0	0	0	0	0
54385535	0	0	0	0	0
54385536	0	0	100	0	0
54385545	0	0	0	0	0
54385570	100	0	0	0	0
54385583	100	0	0	0	0
54385603	33	0	100	0	0
54385662	0	0	0	0	0
54385670	0	0	0	0	0
54385681	100	0	100	0	0
54385692	0	0	0	0	0
54385717	0	0	100	0	0
54385718	100	0	0	0	0
54385727	100	0	0	0	0
54385749	100	0	100	100	0
54385752	0	0	0	0	0
54385772	100	0	0	0	0
54385785	0	0	100	0	0
54385790	0	0	0	0	0
54385813	0	0	0	0	0
54385823	100	0	100	0	0
54385833	33	0	0	0	0
54385834	0	0	0	0	0
54385839	0	0	0	0	0
54385848	100	50	0	100	1
54385859	0	0	0	0	0
54385866	100	0	0	0	0
54385874	100	0	100	100	1
54385891	0	0	0	0	0
54385899	0	0	100	0	0
54385907	100	0	100	0	0
54385948	66	0	0	0	0
54385963	100	0	0	0	0
54386036	0	0	0	0	0
54386062	0	0	100	0	0
54386065	100	0	0	0	0
54386066	100	0	0	20	0
54386097	0	0	0	0	0
54386122	100	0	100	0	0
54386148	0	0	0	0	0
54386172	0	0	0	0	0
54386175	100	0	0	0	0
54386179	0	0	0	0	0
54386189	100	0	0	0	0
54386205	0	0	0	0	0
54386249	0	0	0	0	0
54386295	0	0	0	0	0
54386301	0	0	100	0	0
54386303	0	0	100	0	0
54386316	0	0	100	0	1
54386328	100	0	0	0	0
54386346	0	0	0	0	0
54386351	100	0	100	0	0
54386389	100	0	0	0	0
54386390	0	0	0	0	0
54386434	33	0	0	0	0
54386435	0	0	0	0	0
54386474	0	0	100	0	0
54386475	33	0	0	0	0
54386476	0	0	0	0	0
54386489	0	0	0	0	0
54386497	100	0	100	0	0
54386510	33	0	100	0	0
54386511	100	0	0	0	0
54386530	0	0	0	0	0
54386532	0	0	0	0	0
54386535	100	0	0	0	0
54386562	100	0	0	0	0
54386567	100	0	100	0	0
54386578	100	0	0	0	0
54386593	0	0	0	0	0
54386599	0	0	0	0	0
54386602	66	0	0	0	0
54386629	100	0	100	40	0
54386640	0	0	0	0	0
54386641	33	0	0	0	0
54386653	0	0	0	0	0
54386689	0	0	100	0	0
54386691	0	0	0	0	0
54386705	100	0	0	0	0
54386728	100	0	0	0	0
54386747	0	0	100	0	0
54386758	0	0	0	0	0
54386763	0	0	0	0	0
54386769	0	0	100	0	0
54386778	100	0	0	0	0
54386804	0	0	100	0	0
54386823	0	0	100	0	0
54386825	0	0	0	0	0
54386827	33	0	0	0	0
54386866	66	0	100	100	0
54386886	0	0	0	0	0
54386893	0	0	0	0	0
54386916	33	0	0	0	0
54386931	0	0	0	0	0
54386941	0	0	0	0	0
54386953	66	0	100	0	0
54386992	100	0	100	0	0
54386993	0	0	0	0	0
54387014	100	0	0	0	0
54387015	0	0	0	0	0
54387019	0	50	0	0	2
54387064	100	0	0	0	0
54387107	100	0	0	0	0
54387117	100	0	0	0	0
54387120	100	0	0	0	0
54387163	0	0	0	0	0
54387171	0	0	0	0	0
54387181	33	0	0	100	0
54387191	0	0	100	0	0
54387195	100	0	100	0	0
54387202	33	0	0	0	0
54387204	100	0	0	0	0
54387205	33	0	0	0	0
54387213	0	0	0	0	0
54387233	0	0	0	0	0
54387246	100	0	0	0	0
54387275	100	0	0	0	0
54387289	0	0	0	0	0
54387297	0	0	0	0	0
54387301	0	0	0	0	0
54387304	0	0	0	0	0
54387308	0	0	0	0	0
54387318	100	0	0	0	0
54387324	0	0	0	100	0
54387330	66	0	0	0	0
54387346	0	0	0	0	0
54387384	100	0	0	0	0
54387390	0	0	0	0	0
54387391	100	0	0	0	0
54387392	100	0	100	0	0
54387399	33	0	0	0	0
54387433	100	0	0	0	0
54387444	0	0	0	0	0
54387449	0	0	0	0	0
54387455	100	0	0	0	0
54387460	0	0	0	0	0
54387473	0	0	0	0	0
54387485	0	0	0	0	0
54387490	0	0	0	0	0
54387506	100	0	100	100	0
54387513	0	0	0	0	0
54387514	0	0	0	0	0
54387517	100	0	0	0	0
54387545	0	0	0	0	0
54387548	0	50	0	80	1
54387556	0	0	0	0	0
54387558	0	0	0	0	0
54387570	0	0	0	0	0
54387599	0	0	0	0	0
54387617	0	0	0	0	0
54387632	0	0	0	0	0
54387633	0	0	100	0	0
54387648	100	0	100	0	0
54387651	100	0	0	0	0
54387652	66	0	0	0	0
54387667	0	0	100	0	0
54387684	0	0	0	0	0
54387700	0	0	0	0	0
54387726	0	0	0	0	0
54387734	0	0	0	0	0
54387750	0	0	0	0	0
54387796	100	0	0	0	0
54387845	0	0	0	0	0
54387880	100	0	0	0	0
54387886	0	0	0	0	0
54387904	0	0	100	100	1
54387911	0	0	0	0	0
54387912	100	0	0	0	0
54387916	0	0	0	0	0
54387962	0	0	0	0	0
54387969	0	0	0	0	0
54387970	0	0	100	0	0
54387983	0	0	0	0	0
54387988	0	0	0	0	0
54388004	100	0	0	0	0
54388015	0	0	100	0	0
54388022	0	0	0	0	0
54388077	0	0	0	0	0
54388127	0	0	0	0	0
54388156	0	0	0	0	0
54388159	0	0	0	0	0
54388184	0	0	0	0	0
54388194	100	0	100	0	0
54388204	0	0	0	0	0
54388222	0	0	0	0	0
54388232	0	0	0	0	0
54388238	0	0	0	0	0
54388249	0	0	0	0	0
54388282	0	0	0	0	0
54388290	100	0	0	100	0
54388291	0	0	0	0	0
54388299	100	0	0	0	0
54388320	0	0	0	0	0
54388325	66	0	0	0	0
54388331	100	0	0	80	0
54388335	100	0	0	0	0
54388344	0	0	0	0	0
54388354	100	0	0	0	0
54388366	100	50	0	100	0
54388375	0	0	0	0	0
54388376	0	0	100	0	0
54388379	0	0	100	0	0
54388389	100	0	100	0	0
54388421	0	0	0	0	0
54388431	100	0	0	0	0
54388438	0	0	0	0	0
54388451	100	0	0	0	0
54388456	0	0	0	0	0
54388460	0	0	0	0	0
54388470	0	0	100	0	0
54388481	0	0	0	0	0
54388505	0	0	0	0	0
54388535	0	0	0	0	0
54388548	0	0	0	0	0
54388564	0	0	0	0	0
54388602	100	0	100	100	0
54388612	0	0	0	0	0
54388621	0	0	0	0	0
54388657	0	0	0	0	0
54388686	0	0	0	0	0
54388701	0	0	100	0	0
54388721	0	0	0	0	0
54388726	100	0	100	0	0
54388727	0	0	0	0	0
54388739	0	0	100	0	0
54388741	0	0	0	0	0
54388757	100	0	0	0	0
54388765	0	0	100	0	0
54388774	100	0	0	0	0
54388775	33	0	0	0	0
54388776	0	0	0	0	0
54388792	0	0	0	0	0
54388800	0	0	0	0	0
54388802	0	0	0	0	0
54388809	0	0	0	0	0
54388835	0	0	0	0	0
54388836	0	50	100	60	1
54388858	0	0	0	0	0
54388863	0	0	0	0	0
54388866	0	0	0	0	0
54388877	0	0	0	0	0
54388891	100	0	0	0	0
54388908	0	0	0	0	0
54388930	0	0	0	0	0
54388936	0	50	0	0	1
54388965	100	0	0	0	0
54388983	100	0	100	100	1
54388988	0	0	100	0	0
54389019	0	0	100	0	0
54389022	100	0	100	0	0
54389031	0	0	0	0	0
54389051	100	0	0	0	0
54389069	100	0	0	0	0
54389085	0	0	0	0	0
54389087	0	0	100	0	0
54389102	100	0	0	0	0
54389107	0	0	0	0	0
54389109	0	0	0	0	0
54389149	100	0	0	0	0
54389151	0	0	0	0	0
54389153	100	0	0	0	0
54389170	100	0	0	0	0
54389174	0	0	0	0	0
54389199	0	0	0	0	0
54389209	0	0	0	0	0
54389217	0	0	0	0	0
54389223	100	0	0	0	0
54389224	0	0	0	0	0
54389239	0	0	0	0	0
54389259	0	0	0	0	0
54389273	100	0	0	0	0
54389280	0	0	0	0	0
54389311	0	0	0	0	0
54389312	0	0	0	0	0
54389322	0	0	0	0	0
54389325	0	0	0	0	0
54389326	0	0	0	0	0
54389339	100	0	0	0	0
54389343	0	0	0	0	0
54389345	0	0	0	0	0
54389367	0	0	0	0	0
54389383	0	0	0	0	0
54389395	100	100	100	100	1
54389409	0	0	0	0	0
54389417	100	0	0	0	0
54389432	0	0	100	0	0
54389434	0	0	0	0	0
54389468	0	0	100	0	0
54389471	100	0	0	0	0
54389498	0	0	0	0	0
54389520	100	0	0	0	0
54389521	0	0	100	0	0
54389522	0	0	0	0	0
54389526	0	0	0	0	0
54389534	0	0	0	0	0
54389535	0	0	0	0	0
54389558	0	0	0	0	0
54389569	0	0	0	0	0
54389570	0	0	100	0	0
54389580	100	0	0	0	0
54389601	0	0	0	0	0
54389607	0	0	0	0	0
54389613	0	0	0	0	0
54389619	66	0	0	0	0
54389645	0	0	0	0	0
54389659	0	0	0	0	0
54389669	100	0	100	0	0
54389674	0	0	0	0	0
54389685	0	0	0	0	0
54389686	0	0	0	0	0
54389692	0	0	0	0	0
54389716	100	0	0	0	0
54389718	0	0	0	0	0
54389723	100	0	0	100	0
54389736	0	0	0	0	0
54389744	100	0	0	0	0
54389755	0	0	0	0	0
54389783	0	0	0	0	0
54389786	33	0	0	0	0
54389790	0	0	0	0	0
54389808	0	0	100	0	0
54389815	0	0	100	0	0
54389824	33	0	0	0	0
54389829	0	0	0	0	0
54389831	0	0	0	0	0
54389836	0	0	0	0	0
54389869	0	0	100	0	0
54389870	0	0	0	0	0
54389895	0	0	0	0	0
54389898	100	0	0	0	0
54389900	0	0	0	0	0
54389912	0	0	0	0	0
54389932	0	0	0	100	0
54389940	0	0	0	0	0
54389942	0	0	0	0	0
54389946	0	0	0	0	0
54389947	0	0	0	0	0
54389955	0	0	0	0	0
54389981	33	0	0	0	0
54389990	0	0	0	0	0
54389994	0	0	0	0	0
54390017	0	0	0	0	0
54390026	0	0	0	0	0
54390042	100	0	0	0	0
54390054	0	0	0	0	0
54390068	100	0	100	0	0
54390069	0	0	0	0	0
54390074	0	0	100	0	0
54390075	0	0	0	0	0
54390078	0	0	0	0	0
54390097	100	0	0	0	0
54390112	100	0	0	0	0
54390125	0	0	0	0	0
54390126	100	0	0	0	0
54390134	0	0	0	0	0
54390135	0	0	100	0	0
54390154	100	0	100	0	0
54390158	0	0	0	0	0
54390163	100	0	100	0	0
54390193	0	0	0	0	0
54390213	33	0	0	0	0
54390250	100	0	100	0	0
54390273	0	0	100	0	0
54390286	0	0	0	0	0
54390297	100	0	0	0	0
54390299	33	0	0	0	0
54390300	0	0	0	0	0
54390314	100	0	0	0	0
54390316	33	0	0	0	0
54390327	0	0	0	0	0
54390332	0	0	0	0	0
54390334	33	0	100	0	0
54390340	0	0	0	0	0
54390345	0	0	0	0	0
54390352	33	50	100	0	1
54390359	0	0	0	0	0
54390362	0	0	0	0	0
54390364	0	0	0	0	0
54390371	0	0	0	0	0
54390380	0	0	0	0	0
54390383	0	0	100	0	0
54390392	0	0	0	0	0
54390395	0	0	0	0	0
54390398	33	0	0	0	0
54390403	0	0	0	0	0
54390412	100	50	0	0	1
54390416	100	0	0	0	0
54390425	100	0	0	0	0
54390431	0	0	0	0	0
54390455	100	0	100	0	0
54390468	0	0	0	0	0
54390473	100	0	0	0	0
54390476	0	0	0	0	0
54390494	0	0	0	0	0
54390499	0	0	0	0	0
54390501	100	50	100	100	0
54390546	33	0	0	0	0
54390554	0	0	0	0	0
54390563	0	0	0	0	0
54390575	0	0	100	0	0
54390587	0	0	100	0	0
54390591	100	0	100	0	0
54390598	100	0	0	0	0
54390614	100	0	0	0	0
54390624	100	0	0	0	0
54390639	0	0	0	0	0
54390642	0	0	0	0	0
54390647	0	0	0	0	0
54390658	0	0	0	0	0
54390662	0	0	100	0	0
54390663	100	0	100	0	0
54390692	0	0	0	0	0
54390697	0	0	0	0	0
54390700	100	0	100	20	0
54390701	100	0	0	0	0
54390718	100	0	0	60	0
54390733	0	0	100	0	0
54390756	100	0	100	0	0
54390759	0	0	0	0	0
54390767	0	0	0	0	0
54390769	100	0	0	0	0
54390771	100	0	0	0	0
54390777	0	0	0	0	0
54390778	0	0	0	0	0
54390784	100	0	0	0	0
54390817	100	0	0	0	0
54390819	33	0	0	0	0
54390822	0	0	100	0	0
54390830	0	0	100	0	0
54390850	100	0	0	0	0
54390901	0	0	0	0	0
54390910	0	0	0	0	0
54390922	100	0	0	0	0
54390924	33	0	0	0	0
54390943	100	0	100	0	0
54390959	0	0	0	0	0
54390967	0	0	100	0	0
54390979	0	0	0	0	0
54391001	0	0	100	0	0
54391031	0	0	0	0	0
54391048	0	0	0	0	0
54391062	0	0	100	0	0
54391081	100	0	100	0	0
54391084	0	0	0	0	0
54391106	100	0	100	0	0
54391157	0	0	0	0	0
54391163	0	0	0	0	0
54391188	0	0	0	0	0
54391194	0	0	100	0	0
54391209	100	0	0	0	0
54391211	100	0	0	0	0
54391212	0	0	0	0	0
54391246	0	0	0	0	0
54391248	0	0	0	0	0
54391249	100	0	0	0	0
54391279	100	0	0	0	0
54391283	0	0	0	0	0
54391312	100	0	0	100	0
54391326	0	0	0	0	0
54391350	100	0	0	0	0
54391351	100	0	0	0	0
54391355	0	0	0	0	0
54391363	100	0	100	0	0
54391391	100	0	0	0	0
54391403	0	0	0	0	0
54391410	0	0	100	0	0
54391417	0	0	0	0	0
54391418	100	0	100	0	0
54391433	0	0	0	0	0
54391442	0	0	0	0	0
54391443	100	0	0	0	0
54391461	0	0	0	0	0
54391489	100	0	0	0	0
54391492	66	0	100	0	0
54391530	0	0	0	0	0
54391531	0	0	0	0	0
54391541	0	0	100	0	0
54391573	100	0	100	0	0
54391588	66	0	0	0	0
54391631	0	0	0	0	0
54391644	66	0	0	0	0
54391677	0	0	0	0	0
54391712	100	0	0	0	0
54391720	0	0	0	0	0
54391724	0	0	0	0	0
54391751	100	0	0	100	0
54391763	0	0	0	0	0
54391781	0	0	0	0	0
54391787	100	0	100	0	0
54391823	0	0	0	0	0
54391826	0	0	0	0	0
54391827	100	0	0	0	0
54391878	100	0	0	0	0
54391909	0	0	0	0	0
54391914	0	0	0	0	0
54391925	100	0	0	0	0
54391937	33	0	0	0	0
54391960	0	0	0	0	0
54391963	0	0	0	0	0
54391973	0	0	100	0	0
54391981	0	0	0	0	0
54392021	0	0	0	0	0
54392031	0	0	100	0	0
54392038	0	0	0	0	0
54392046	100	0	100	100	1
54392052	0	0	0	0	0
54392096	0	0	0	0	0
54392100	33	0	0	0	0
54392101	0	0	0	0	0
54392106	0	0	100	0	0
54392119	0	0	100	0	0
54392128	0	0	0	0	0
54392148	100	0	0	0	0
54392149	0	0	0	0	0
54392155	0	0	0	0	0
54392167	0	0	0	0	0
54392170	0	0	0	0	0
54392174	0	0	0	0	0
54392180	100	0	0	0	0
54392182	0	0	0	0	0
54392185	100	0	0	0	0
54392187	0	0	0	0	0
54392192	0	0	100	0	0
54392204	100	0	100	0	0
54392208	0	0	0	0	0
54392212	0	0	0	0	0
54392225	0	0	100	0	0
54392230	0	0	0	0	0
54392236	100	100	100	100	136
54392268	0	0	100	0	0
54392269	0	0	0	0	0
54392283	100	0	0	0	0
54392325	100	0	0	100	0
54392329	100	0	0	0	0
54392340	0	50	100	0	1
54392344	100	0	100	0	0
54392355	100	0	0	0	0
54392364	100	0	100	0	0
54392372	0	0	0	0	0
54392378	100	0	0	0	0
54392427	0	0	0	0	0
54392431	33	0	0	0	0
54392432	0	0	0	0	0
54392442	100	50	0	0	1
54392449	0	0	0	0	0
54392461	0	0	0	0	0
54392467	0	0	0	0	0
54392475	0	0	0	0	0
54392480	100	0	0	0	0
54392519	66	0	0	0	0
54392533	0	0	0	0	0
54392546	100	0	0	0	0
54392559	100	0	0	0	0
54392582	0	0	0	0	0
54392590	0	0	0	0	0
54392639	0	0	0	0	0
54392672	100	0	0	0	0
54392715	0	0	0	0	0
54392717	100	0	100	0	0
54392727	0	0	0	0	0
54392749	33	0	0	0	0
54392773	0	0	0	0	0
54392788	0	0	100	0	0
54392820	100	0	0	0	0
54392833	0	0	100	0	0
54392845	33	0	0	0	0
54392880	0	0	0	0	0
54392884	100	0	0	0	0
54392893	0	0	0	0	0
54392909	100	0	0	0	0
54392910	0	0	0	0	0
54392914	100	0	0	0	0
54392960	100	0	0	0	0
54392973	0	0	0	0	0
54392974	100	0	100	0	0
54392976	100	0	0	0	0
54393032	100	0	0	0	0
54393041	100	0	0	0	0
54393046	0	0	0	0	0
54393048	0	0	0	0	0
54393068	0	0	100	0	0
54393079	0	0	100	0	0
54393118	0	0	0	0	0
54393139	0	0	0	0	0
54393186	100	0	100	100	0
54393205	0	0	0	0	0
54393216	0	0	0	0	0
54393227	100	0	0	0	0
54393245	0	0	0	0	0
54393262	0	0	0	0	0
54393269	100	0	0	0	0
54393275	0	0	0	0	0
54393280	100	100	0	0	1
54393284	0	0	0	0	0
54393298	100	50	100	100	0
54393302	0	0	0	0	0
54393334	0	0	0	0	0
54393336	0	0	0	0	0
54393346	100	0	0	0	0
54393351	100	0	100	0	0
54393358	0	100	100	100	5
54393359	0	0	0	0	0
54393373	0	0	0	0	0
54393384	0	0	0	0	0
54393385	0	0	0	0	0
54393417	0	0	0	0	0
54393431	0	0	0	0	0
54393465	100	0	100	0	0
54393470	0	0	100	0	0
54393473	0	0	0	0	0
54393495	0	0	0	0	0
54393528	0	0	0	0	0
54393531	0	0	100	0	0
54393539	100	0	0	0	0
54393544	0	0	0	0	0
54393569	100	100	100	100	20
54393600	0	0	0	0	0
54393617	0	0	100	0	0
54393640	100	0	0	0	0
54393670	0	0	100	0	0
54393699	0	0	0	0	0
54393709	0	0	0	0	0
54393776	0	0	0	0	0
54393800	0	0	0	0	0
54393856	0	0	0	0	0
54393870	0	0	100	0	0
54393888	100	0	100	0	0
54393893	100	0	100	100	0
54393909	100	0	0	0	0
54393910	100	0	100	0	0
54393914	100	0	0	0	0
54393917	0	0	0	0	0
54393932	100	0	0	0	0
54393946	0	0	0	0	0
54393975	100	0	0	0	0
54393996	100	50	0	0	0
54394017	0	0	0	0	0
54394057	0	0	100	0	0
54394082	0	0	0	0	0
54394127	0	0	100	0	0
54394176	0	0	0	0	0
54394182	0	0	0	0	0
54394197	100	0	0	0	0
54394211	0	0	0	0	0
54394224	0	0	0	0	0
54394230	100	0	100	0	0
54394235	0	0	100	0	0
54394238	100	0	100	100	12
54394272	66	0	0	0	0
54394285	100	0	0	0	0
54394290	0	0	0	0	0
54394311	0	0	0	0	0
54394319	0	0	0	0	0
54394332	100	0	100	0	0
54394338	0	0	0	0	0
54394378	0	0	0	100	0
54394400	0	0	0	0	0
54394417	0	0	100	0	0
54394429	100	0	0	0	0
54394430	0	0	0	0	0
54394432	100	0	0	100	0
54394434	0	0	0	0	0
54394436	0	0	0	0	0
54394437	0	0	0	0	0
54394489	100	0	0	0	0
54394493	0	0	0	0	0
54394519	0	0	0	0	0
54394549	0	0	0	0	0
54394550	0	0	0	0	0
54394558	66	0	0	0	0
54394567	100	0	0	0	0
54394593	0	0	0	0	0
54394613	100	0	100	0	0
54394624	0	0	100	0	0
54394634	100	0	100	0	0
54394679	33	0	0	0	0
54394690	0	0	0	0	0
54394698	0	50	100	0	1
54394706	0	0	0	0	0
54394709	0	0	0	0	0
54394755	0	0	0	0	0
54394765	0	0	0	0	0
54394775	0	0	0	0	0
54394780	100	0	0	0	0
54394820	0	0	0	0	0
54394828	0	0	0	0	0
54394831	100	0	0	0	0
54394842	100	0	0	0	0
54394865	100	0	100	100	0
54394872	100	0	0	0	0
54394875	0	0	0	0	0
54394885	0	0	0	0	0
54394895	0	0	0	0	0
54394907	100	0	0	20	0
54394918	100	0	0	0	0
54394926	100	0	0	0	0
54394949	0	0	0	0	0
54394957	0	0	0	0	0
54394961	0	0	0	0	0
54394982	0	0	0	0	0
54394985	0	0	100	0	0
54394992	66	0	0	0	0
54395010	100	0	100	0	0
54395026	100	100	100	100	6
54395129	0	0	0	0	0
54395135	100	0	0	0	0
54395147	100	50	100	0	0
54395171	100	0	100	0	0
54395229	100	50	0	0	0
54395238	100	0	0	0	0
54395289	0	0	0	0	0
54395339	0	0	0	0	0
54395364	0	0	100	0	0
54395440	100	0	0	0	0
54395450	0	0	100	0	0
54395455	0	0	0	0	0
54395460	100	0	100	0	0
54395481	0	0	0	0	0
54395503	33	0	100	0	1
54395595	0	0	0	0	0
54395599	0	0	0	0	0
54395606	0	0	0	0	0
54395629	100	0	0	0	0
54395690	0	50	100	0	2
54395721	100	0	0	0	0
54395762	0	0	100	0	1
54395765	100	0	100	100	0
54395795	0	0	0	0	0
54395912	0	0	0	0	0
54395919	0	0	0	0	0
54395939	0	0	0	0	0
54395947	0	0	0	0	0
54395953	100	50	100	100	0
54395989	100	0	0	0	0
54396011	0	0	100	0	0
54396023	0	0	0	0	0
54396041	100	0	0	0	0
54396061	66	0	0	0	0
54396083	0	0	0	0	0
54396089	100	0	100	0	0
54396096	0	0	0	0	0
54396114	0	0	0	0	0
54396117	0	0	0	0	0
54396208	0	0	0	0	0
54396227	100	0	0	0	0
54396253	0	0	0	0	0
54396283	0	0	100	0	0
54396284	0	0	0	0	0
54396311	0	0	0	0	0
54396363	0	0	0	0	0
54396383	0	0	0	0	0
54396388	100	0	100	0	0
54396390	33	0	0	0	0
54396466	0	0	0	0	0
54396473	0	0	0	0	0
54396490	0	0	0	0	0
54396491	0	0	0	0	0
54396526	0	0	0	0	0
54396532	0	0	0	0	0
54396550	0	0	0	0	0
54396629	0	0	100	0	0
54396645	100	50	100	0	0
54396649	0	0	0	0	0
54396681	100	0	100	0	0
54396689	0	0	0	0	0
54396698	66	50	0	0	0
54396732	0	0	0	0	0
54396747	100	0	0	0	0
54396748	33	0	0	0	0
54396753	100	0	100	0	0
54396766	100	0	0	0	0
54396772	100	0	0	0	0
54396825	0	0	0	0	0
54396828	0	0	0	0	0
54396832	100	0	0	0	0
54396900	0	0	0	0	0
54396991	100	0	0	20	0
54397020	0	0	0	0	0
54397062	0	0	0	0	0
54397076	100	0	100	0	0
54397085	0	50	0	0	0
54397093	100	50	100	0	2
54397101	0	0	0	0	0
54397117	100	50	100	100	112
54397187	0	0	0	0	0
54397191	100	0	0	20	0
54397198	0	0	100	0	0
54397246	0	0	100	0	0
54397279	0	0	100	0	0
54397286	0	50	100	0	2
54397290	100	0	0	0	0
54397342	0	0	0	0	0
54397410	0	0	0	0	0
54397450	0	0	0	0	0
54397537	100	50	0	20	1
54397554	0	0	0	0	0
54397569	0	0	0	0	0
54397578	100	0	100	100	74
54397581	100	0	100	0	0
54397590	0	0	0	0	0
54397603	0	0	0	0	0
54397622	100	50	0	20	0
54397671	0	0	0	0	0
54397680	100	0	100	100	0
54397736	0	0	0	0	0
54397738	100	0	0	0	0
54397747	100	0	100	0	0
54397792	100	0	0	0	0
54397796	0	0	0	0	0
54397811	0	0	0	0	0
54397814	100	0	100	0	0
54397823	100	0	0	100	0
54397862	100	0	0	0	0
54397865	0	0	0	0	0
54397866	0	0	100	0	0
54397879	100	50	100	100	2
54397885	33	0	100	0	0
54397903	0	0	0	0	0
54397918	0	0	0	0	0
54397924	0	0	0	0	0
54397936	100	0	0	0	0
54397946	100	0	0	0	0
54397947	100	0	0	0	0
54397950	0	0	0	0	0
54397962	0	0	100	0	0
54397992	0	0	0	0	0
54398003	100	0	100	0	0
54398009	100	0	0	0	0
54398056	0	0	0	0	0
54398064	0	0	0	0	0
54398072	100	0	0	0	0
54398079	0	0	100	0	0
54398084	0	0	0	0	0
54398107	0	0	0	0	0
54398123	0	0	0	0	0
54398124	0	0	0	0	0
54398143	100	0	100	0	0
54398147	0	0	0	0	0
54398161	0	0	0	0	0
54398167	0	0	100	0	0
54398177	0	0	100	0	0
54398202	0	0	0	0	0
54398223	0	0	0	0	0
54398275	0	0	0	0	0
54398276	100	0	0	0	0
54398290	100	0	0	0	0
54398291	0	0	0	0	0
54398320	0	0	0	0	0
54398325	0	0	0	0	0
54398339	100	0	0	0	0
54398364	0	0	0	0	0
54398377	0	0	0	0	0
54398387	0	0	0	0	0
54398408	100	0	0	0	0
54398424	0	0	0	0	0
54398443	100	0	100	0	0
54398447	100	0	0	0	0
54398456	100	0	100	0	0
54398491	0	0	0	0	0
54398526	0	0	0	100	0
54398528	100	0	0	0	0
54398565	0	0	0	0	0
54398636	0	0	0	0	0
54398654	0	0	0	0	0
54398657	0	0	0	0	0
54398720	100	0	100	0	0
54398735	0	0	0	0	0
54398745	0	0	0	0	0
54398752	100	0	0	0	0
54398757	66	0	0	0	0
54398826	0	0	0	0	0
54398866	0	0	0	0	0
54398900	33	0	0	0	0
54398909	0	0	0	0	0
54398940	100	0	0	0	0
54398944	0	0	0	0	0
54398969	0	50	0	0	0
54399014	100	0	100	60	0
54399109	33	0	100	0	0
54399140	0	0	0	0	0
54399155	100	0	100	100	0
54399174	0	0	0	0	0
54399186	33	0	100	60	0
54399219	100	50	100	0	0
54399226	0	0	100	0	0
54399242	100	0	100	0	0
54399288	100	0	0	0	0
54399313	0	0	0	0	0
54399317	33	0	0	0	0
54399326	0	0	0	0	0
54399353	100	0	100	0	0
54399358	100	0	100	0	0
54399378	100	0	0	100	0
54399395	100	0	100	0	0
54399420	0	0	0	0	0
54399451	0	0	0	0	0
54399487	33	0	0	0	0
54399515	0	0	0	0	0
54399534	0	0	0	0	0
54399627	0	0	0	0	0
54399630	100	0	0	0	0
54399841	33	0	0	0	0
54399857	0	0	0	0	0
54399859	0	0	0	0	0
54399892	0	0	100	0	0
54399954	0	0	0	0	0
54400086	0	0	100	0	0
54400103	0	0	0	0	0
54400111	0	0	0	0	0
54400152	0	0	0	0	0
54400159	0	0	0	0	0
54400205	0	0	0	0	0
54400224	0	0	0	0	0
54400246	0	0	0	0	0
54400274	0	0	100	0	0
54400337	0	0	0	0	0
54400399	100	50	100	20	0
54400418	100	0	0	20	0
54400474	0	0	0	0	0
54400514	0	0	0	0	0
54400524	0	0	100	0	0
54400538	0	0	0	0	0
54400541	100	0	0	0	0
54400567	100	0	100	0	0
54400575	0	0	0	0	0
54400601	0	0	0	0	0
54400670	0	0	0	0	0
54400671	0	0	0	0	0
54400682	100	0	100	60	0
54400724	0	0	0	0	0
54400755	0	0	100	0	0
54400764	100	0	0	0	0
54400843	66	0	100	80	3
54400874	0	0	0	0	0
54400926	0	0	0	0	0
54400936	0	0	0	0	0
54400997	0	0	0	0	0
54401024	0	0	100	0	0
54401058	100	0	0	0	0
54401063	100	0	100	100	6
54401065	100	0	100	0	0
54401093	0	0	0	0	0
54401137	0	0	0	0	0
54401163	100	0	100	0	0
54401196	100	0	0	0	0
54401244	100	0	0	0	0
54401265	33	0	0	0	0
54401268	33	0	0	0	0
54401273	100	0	0	0	0
54401319	100	0	100	0	0
54401362	0	0	0	0	0
54401367	0	0	0	0	0
54401407	100	0	0	0	0
54401466	100	0	0	0	0
54401484	0	0	0	0	0
54401502	0	0	0	0	0
54401519	0	0	0	0	0
54401540	100	0	100	0	0
54401549	100	0	0	0	0
54401583	0	0	0	0	0
54401612	33	0	0	0	0
54401613	0	0	0	0	0
54401631	100	100	100	100	54
54401637	66	0	0	0	0
54401671	0	0	100	0	0
54401725	0	0	0	0	0
54401771	100	0	0	0	0
54401788	0	0	0	0	0
54401789	0	0	0	0	0
54401802	0	0	100	0	0
54401809	0	0	0	0	0
54401817	100	0	0	0	0
54401836	100	0	0	0	0
54401930	0	0	0	0	0
54401959	0	50	0	0	1
54401968	100	0	100	100	0
54401998	100	0	0	0	0
54402113	33	0	0	0	0
54402152	100	0	0	0	0
54402157	100	50	0	100	1
54402167	66	0	0	0	0
54402183	0	0	0	0	0
54402207	0	0	0	0	0
54402212	0	0	0	0	0
54402230	0	0	0	0	0
54402239	0	0	0	0	0
54402249	0	0	0	0	0
54402257	0	0	0	0	0
54402265	100	0	100	0	0
54402283	100	0	0	0	0
54402366	100	0	0	0	0
54402394	100	50	100	100	1
54402399	100	0	100	0	0
54402400	100	0	0	0	0
54402403	33	0	0	0	0
54402424	0	0	0	0	0
54402465	0	0	100	0	0
54402486	0	0	0	0	0
54402512	0	0	0	0	0
54402514	0	0	0	0	0
54402534	0	0	100	0	0
54402605	0	0	0	0	0
54402615	0	0	0	0	0
54402623	0	0	0	0	0
54402637	100	0	100	100	0
54402661	0	0	100	0	0
54402675	0	0	0	0	0
54402682	100	0	0	0	0
54402687	0	0	0	0	0
54402741	0	0	0	0	0
54402744	0	0	0	0	0
54402804	100	0	100	0	0
54402820	100	0	100	0	0
54402833	100	0	100	20	0
54402869	100	0	100	0	0
54402870	0	0	0	0	0
54402909	0	0	0	0	0
54402931	0	0	0	0	0
54402938	0	0	0	0	0
54402944	0	0	0	0	0
54402951	100	0	0	0	0
54402996	33	0	0	0	0
54403040	100	0	100	0	0
54403047	0	0	0	0	0
54403124	0	0	100	0	0
54403131	0	50	0	40	0
54403133	33	0	0	0	0
54403136	0	0	0	0	0
54403154	0	0	0	0	0
54403157	0	100	100	0	2
54403158	0	0	0	0	0
54403161	100	0	0	0	0
54403182	100	0	0	0	0
54403199	0	0	0	0	0
54403202	0	0	0	0	0
54403233	0	0	100	0	0
54403270	0	0	0	0	0
54403274	0	0	0	0	0
54403292	33	0	0	0	0
54403339	0	0	0	0	0
54403434	33	0	0	0	0
54403445	0	0	0	0	0
54403463	100	0	100	0	0
54403474	100	0	0	100	0
54403479	0	0	100	0	0
54403481	0	0	0	0	0
54403494	0	0	0	0	0
54403511	66	0	0	0	0
54403545	100	0	100	0	1
54403552	0	0	0	0	0
54403636	100	0	100	100	0
54403662	0	0	100	0	0
54403681	0	0	0	0	0
54403682	33	0	0	0	0
54403735	100	0	0	0	0
54403740	0	0	0	0	0
54403758	100	0	100	0	0
54403768	100	0	0	0	0
54403797	100	0	100	0	0
54403867	0	0	0	0	0
54403905	0	0	0	0	0
54403942	100	0	0	0	1
54403952	100	0	100	0	0
54403968	33	0	100	100	0
54404013	0	0	100	0	0
54404020	100	0	0	0	0
54404024	100	0	100	0	0
54404046	0	0	0	0	0
54404067	100	0	0	0	0
54404074	0	0	0	0	0
54404132	100	0	0	0	0
54404146	100	0	100	0	0
54404192	100	0	0	0	0
54404275	100	0	0	0	0
54404277	0	0	100	0	0
54404331	100	0	100	0	0
54404364	33	50	0	20	0
54404385	0	0	0	0	0
54404388	0	0	0	0	0
54404403	100	0	100	0	0
54404418	100	0	100	0	0
54404420	100	0	0	0	0
54404429	100	0	0	0	0
54404451	100	0	100	100	0
54404509	0	0	0	0	0
54404514	100	0	100	0	0
54404520	0	0	100	0	0
54404522	0	0	0	0	0
54404526	0	0	0	0	0
54404543	0	0	100	100	0
54404580	0	0	100	0	0
54404582	0	0	0	0	0
54404620	0	0	0	0	0
54404623	100	0	0	0	0
54404647	0	0	0	0	0
54404695	0	0	0	0	0
54404752	0	0	0	0	0
54404753	0	0	100	0	0
54404775	100	50	0	20	1
54404831	0	0	0	0	0
54404839	0	0	100	0	0
54404886	0	0	0	0	0
54404929	0	0	0	0	0
54404978	0	0	0	0	0
54405003	0	0	0	0	0
54405007	0	0	100	0	0
54405008	0	0	100	0	0
54405051	100	0	0	0	0
54405071	100	0	0	0	0
54405073	0	0	0	0	0
54405084	0	0	0	0	0
54405202	100	0	100	0	0
54405216	100	0	0	0	0
54405266	0	0	0	0	0
54405355	0	0	100	0	0
54405367	100	0	0	0	0
54405438	100	0	100	0	0
54405483	0	0	0	0	0
54405509	0	0	100	0	0
54405515	100	0	0	0	0
54405521	100	0	100	0	0
54405523	100	50	0	100	1
54405536	100	0	100	0	0
54405555	100	0	100	0	0
54405562	0	0	0	0	0
54405593	100	50	100	0	0
54405596	0	0	0	0	0
54405597	0	0	0	0	0
54405609	0	0	0	0	0
54405612	33	0	0	0	0
54405614	0	0	0	0	0
54405626	33	0	0	20	0
54405644	100	0	0	0	0
54405651	0	0	0	0	0
54405666	0	0	0	0	0
54405667	0	0	100	0	0
54405709	0	0	100	0	0
54405720	66	0	0	0	0
54405730	0	0	0	0	0
54405735	0	0	100	0	0
54405742	0	0	0	0	0
54405748	0	0	0	0	0
54405781	100	0	100	40	0
54405792	100	0	100	0	0
54405845	100	0	100	0	0
54405877	100	0	0	0	0
54405953	0	0	0	0	0
54405968	0	0	0	0	0
54405994	0	0	0	0	0
54405997	0	0	100	0	0
54405999	100	0	0	0	0
54406010	0	100	0	0	2
54406026	0	0	0	0	0
54406044	0	0	100	0	0
54406049	0	0	0	0	0
54406058	100	0	0	0	0
54406106	0	0	0	0	0
54406112	0	0	0	0	0
54406116	100	0	0	0	0
54406126	0	0	0	0	0
54406145	0	0	0	0	0
54406198	0	0	0	0	0
54406204	0	0	0	0	0
54406238	100	0	0	0	0
54406244	0	0	0	0	0
54406251	100	0	0	0	0
54406256	100	50	0	100	1
54406279	0	0	0	0	0
54406288	0	0	0	0	0
54406292	100	0	100	100	0
54406297	0	0	0	0	0
54406321	100	0	100	0	0
54406342	100	50	0	0	0
54406351	0	0	0	0	0
54406384	0	0	0	0	0
54406399	100	0	0	0	0
54406424	0	0	0	0	0
54406430	100	50	0	0	0
54406447	100	0	100	0	0
54406459	100	0	0	0	0
54406462	0	0	0	0	0
54406494	0	0	0	0	0
54406513	0	0	0	0	0
54406524	100	0	0	100	0
54406532	0	0	0	0	0
54406563	0	0	0	0	0
54406610	0	0	100	0	0
54406648	100	0	0	0	0
54406761	0	0	0	0	0
54406780	0	0	0	0	0
54406783	100	50	100	0	0
54406855	66	0	100	0	0
54406880	0	0	0	0	0
54406919	0	0	0	0	0
54406959	100	0	100	0	0
54407000	66	0	100	20	0
54407043	0	0	100	0	0
54407059	100	0	0	0	0
54407064	0	0	0	0	0
54407087	0	0	0	0	0
54407092	100	0	0	0	0
54407124	100	50	100	20	4
54407143	0	0	0	0	0
54407182	100	0	0	0	0
54407272	100	0	0	0	0
54407286	0	50	0	0	1
54407304	100	0	100	100	0
54407351	100	0	100	100	0
54407379	100	0	0	0	0
54407411	100	0	0	100	0
54407431	100	0	100	0	0
54407437	0	0	0	0	0
54407456	100	50	100	100	1
54407489	0	0	0	0	0
54407525	33	0	0	0	0
54407562	0	0	100	0	0
54407571	0	0	0	0	0
54407618	100	0	100	100	0
54407629	100	0	0	0	0
54407701	0	0	0	0	0
54407755	0	0	100	0	0
54407763	100	0	100	0	0
54407769	0	0	0	0	0
54407770	0	0	0	0	0
54407796	0	0	100	0	0
54407846	33	0	100	0	0
54407853	33	0	100	0	0
54407864	0	0	0	0	0
54407867	100	0	100	100	1
54407890	0	0	100	0	0
54407916	0	0	0	100	0
54407945	100	0	0	0	0
54407974	0	0	0	0	0
54408004	0	0	0	0	0
54408039	100	0	100	0	0
54408049	100	0	100	100	0
54408061	100	0	100	0	0
54408087	0	0	0	0	0
54408092	0	0	0	0	0
54408115	0	0	0	0	0
54408172	100	0	0	0	0
54408176	0	0	0	0	0
54408177	0	0	100	0	0
54408247	100	0	0	0	0
54408261	100	0	100	0	0
54408354	0	0	100	0	0
54408358	0	0	100	0	0
54408372	100	0	0	0	0
54408383	0	0	0	0	0
54408427	100	0	0	0	0
54408428	0	0	100	0	0
54408429	0	0	0	0	0
54408453	33	0	0	0	0
54408469	0	0	0	0	0
54408523	0	0	0	0	0
54408541	100	0	100	100	0
54408602	100	0	0	0	0
54408640	0	0	0	0	0
54408696	0	0	0	0	0
54408821	0	0	0	0	0
54408824	100	0	100	0	0
54408865	0	0	0	0	0
54408876	0	0	100	0	0
54408900	100	0	100	0	0
54408914	0	0	0	0	0
54408921	100	100	0	0	3
54408953	0	0	0	0	0
54408956	0	0	0	0	0
54408982	0	0	0	0	0
54409016	0	0	0	0	0
54409017	100	0	0	0	0
54409024	0	0	0	0	0
54409044	100	0	100	0	0
54409059	0	0	100	0	0
54409086	0	0	0	0	0
54409101	33	0	0	0	0
54409137	100	0	0	0	0
54409147	0	0	0	0	0
54409212	0	0	0	0	0
54409233	0	0	0	0	0
54409330	100	0	100	0	0
54409339	0	0	0	0	0
54409388	0	0	0	0	0
54409442	66	0	100	0	0
54409447	0	0	0	0	0
54409460	0	0	0	0	0
54409536	0	0	0	0	0
54409540	0	0	0	0	0
54409541	0	0	100	0	0
54409564	0	0	0	0	0
54409593	0	0	0	0	0
54409634	100	0	0	0	0
54409647	0	0	0	0	0
54409649	0	0	0	0	0
54409674	100	50	0	40	0
54409680	100	0	0	0	0
54409695	100	0	100	0	0
54409709	0	50	0	0	0
54409711	0	0	0	0	0
54409715	0	0	0	0	0
54409779	0	0	0	0	0
54409837	100	0	100	0	0
54409845	0	0	0	0	0
54409861	0	0	0	0	0
54409863	33	0	0	0	0
54409868	0	0	0	0	0
54409942	0	0	100	0	0
54409946	100	0	0	0	0
54409954	0	0	0	100	0
54409975	100	0	0	0	0
54410000	0	0	0	0	0
54410070	66	0	0	0	0
54410199	100	0	100	0	0
54410216	0	0	0	0	0
54410235	0	0	0	0	0
54410247	0	0	0	0	0
54410280	33	0	0	0	0
54410311	0	50	0	0	0
54410360	0	0	0	0	0
54410381	100	0	0	0	0
54410389	0	0	0	0	0
54410422	100	0	0	0	0
54410429	0	0	0	0	0
54410453	0	0	0	0	0
54410515	33	0	0	0	0
54410564	0	0	0	0	0
54410588	0	0	0	0	0
54410589	100	0	0	0	0
54410634	0	0	0	0	0
54410653	100	0	0	0	0
54410692	0	0	0	0	0
54410703	0	0	0	0	0
54410722	100	0	100	0	0
54410728	100	0	100	0	0
54410791	0	0	0	0	0
54410862	100	0	0	0	0
54410885	0	0	0	0	0
54410953	0	0	100	0	0
54410970	0	0	0	0	0
54410982	0	0	0	0	0
54411005	0	0	0	0	0
54411021	0	0	0	0	0
54411043	100	0	0	0	0
54411050	100	0	0	0	0
54411055	66	50	0	80	6
54411131	100	0	100	0	0
54411247	100	0	0	0	0
54411257	100	0	100	0	0
54411272	100	0	100	0	0
54411283	0	0	100	0	0
54411298	0	0	0	0	0
54411329	100	0	0	0	0
54411374	100	0	0	0	0
54411429	0	0	0	0	0
54411434	100	0	0	0	0
54411435	100	0	0	0	0
54411447	0	0	0	0	0
54411511	0	0	0	0	0
54411588	0	0	0	0	0
54411593	0	0	100	0	0
54411630	0	0	0	0	0
54411645	100	0	100	0	0
54411653	100	0	0	0	0
54411673	0	0	0	0	0
54411719	100	0	0	0	0
54411722	0	0	0	0	0
54411776	0	0	0	0	0
54411790	100	0	0	0	0
54411805	0	0	100	0	0
54411808	0	0	0	0	0
54411813	0	0	0	0	0
54411852	0	0	0	0	0
54411929	100	0	100	0	0
54411950	100	0	100	0	0
54411958	0	0	100	0	0
54411973	100	0	0	0	0
54411987	0	0	0	0	0
54412014	100	0	0	0	0
54412081	100	0	0	0	0
54412189	0	0	100	0	0
54412294	0	0	0	0	0
54412315	100	0	100	0	0
54412332	0	0	0	0	0
54412342	0	0	0	0	0
54412350	100	0	100	0	0
54412372	0	0	0	0	0
54412383	0	0	100	0	0
54412425	100	0	0	0	0
54412432	100	0	0	0	0
54412455	100	0	0	0	0
54412456	0	0	0	0	0
54412465	33	0	0	0	0
54412487	100	0	100	0	0
54412535	100	0	0	0	0
54412537	100	50	0	0	0
54412558	0	0	100	0	0
54412570	0	0	0	0	0
54412623	0	0	0	0	0
54412637	0	0	0	0	0
54412683	0	0	100	0	0
54412723	100	0	0	0	0
54412748	0	0	0	0	0
54412755	100	0	100	100	0
54412758	0	0	0	0	0
54412797	0	0	0	0	0
54412815	0	0	0	0	0
54412830	0	0	0	0	0
54412940	100	0	100	0	0
54413150	100	0	0	0	0
54413178	33	0	0	0	0
54413201	100	0	0	0	0
54413237	33	0	0	0	0
54413264	0	0	0	0	0
54413271	100	100	100	100	933
54413291	33	0	0	0	0
54413295	0	0	100	0	0
54413297	0	0	0	0	0
54413349	0	0	0	0	0
54413389	33	0	0	0	0
54413401	100	0	100	60	0
54413413	0	50	0	100	0
54413420	0	0	0	0	0
54413430	100	0	0	0	0
54413485	0	0	0	0	0
54413555	100	0	0	0	0
54413559	0	0	0	0	0
54413601	66	0	0	0	0
54413665	100	0	0	0	0
54413733	100	0	0	0	0
54413749	100	0	0	0	0
54413797	100	0	0	0	0
54413817	100	0	0	100	0
54413825	100	0	100	0	0
54413845	0	0	0	0	0
54413853	100	0	100	0	2
54413885	0	0	0	0	0
54413909	0	0	0	0	0
54413916	100	0	0	0	0
54413967	100	0	0	0	0
54413978	0	0	0	0	0
54413991	0	0	0	0	0
54414011	100	0	0	100	0
54414034	100	100	100	100	31
54414047	0	0	0	0	0
54414058	0	0	0	0	0
54414061	0	0	0	0	0
54414065	0	0	100	0	0
54414131	0	0	0	0	0
54414139	0	0	0	0	0
54414158	100	100	100	100	19
54414211	0	0	0	0	0
54414287	0	0	0	0	0
54414293	0	0	100	0	0
54414299	0	0	100	0	0
54414300	100	0	0	0	0
54414328	33	0	0	0	0
54414330	100	0	0	0	0
54414357	0	0	100	20	0
54414409	100	0	0	0	0
54414423	0	0	0	0	0
54414457	0	0	0	0	0
54414467	0	0	0	0	0
54414563	0	0	0	0	0
54414588	0	50	100	0	1
54414598	0	0	0	0	0
54414610	100	0	0	0	0
54414632	100	0	0	0	0
54414640	0	0	0	0	0
54414665	0	0	0	0	0
54414798	100	0	0	0	0
54414825	0	0	0	0	0
54414899	100	0	0	0	0
54414901	100	0	0	0	0
54414902	100	0	0	0	0
54414935	100	0	100	0	0
54414940	0	0	0	0	0
54414973	100	0	0	0	0
54414987	0	0	0	0	0
54414992	0	0	100	0	0
54414997	0	0	0	0	0
54415013	100	0	0	0	0
54415018	100	0	100	0	0
54415041	100	0	0	0	0
54415045	0	0	0	0	0
54415168	100	0	0	0	0
54415198	0	50	0	0	0
54415209	0	50	0	0	0
54415210	100	50	100	0	3
54415283	100	0	0	0	0
54415303	0	0	0	0	0
54415364	0	0	0	0	0
54415404	100	0	0	0	0
54415441	100	0	0	0	0
54415463	100	0	0	0	0
54415480	66	100	100	100	11
54415532	33	0	0	0	0
54415541	100	0	0	0	0
54415553	100	0	100	0	0
54415554	100	0	0	0	0
54415557	100	0	0	0	0
54415581	100	0	100	0	1
54415611	0	0	0	0	0
54415642	100	100	100	100	14
54415655	0	0	100	0	0
54415683	0	0	0	0	0
54415714	100	0	100	0	0
54415724	0	0	0	0	0
54415742	100	0	0	100	0
54415752	100	0	0	0	0
54415771	100	50	100	20	0
54415907	0	0	0	0	0
54416020	100	0	0	0	0
54416049	100	0	100	100	0
54416062	100	0	0	0	0
54416142	0	0	0	0	0
54416172	100	0	0	0	0
54416207	100	0	100	0	0
54416234	100	0	100	0	0
54416239	100	100	100	100	1
54416245	0	0	0	0	0
54416338	100	0	100	0	0
54416457	0	0	100	0	0
54416470	0	100	0	0	2
54416508	0	0	0	0	0
54416521	0	0	0	0	0
54416565	100	0	100	0	0
54416567	0	0	0	0	0
54416575	33	0	0	0	0
54416590	100	0	100	0	0
54416597	100	0	0	0	0
54416602	100	0	100	100	0
54416660	100	0	0	0	0
54416666	0	0	0	0	0
54416671	33	0	0	0	0
54416695	0	0	0	0	0
54416699	0	0	0	0	0
54416733	100	50	100	100	3
54416777	33	0	0	0	0
54416789	100	0	100	0	0
54416833	100	0	0	0	0
54416850	0	0	0	0	0
54416874	100	0	100	0	0
54417004	100	0	100	0	0
54417013	0	0	0	0	0
54417044	100	0	100	0	0
54417073	100	0	0	0	0
54417123	0	0	0	0	0
54417141	0	0	0	0	0
54417145	0	0	0	0	0
54417157	100	0	100	0	0
54417240	100	0	0	0	0
54417287	0	0	0	0	0
54417314	0	0	0	0	0
54417316	0	0	0	0	0
54417431	100	0	0	0	0
54417473	100	0	100	0	0
54417498	0	0	0	0	0
54417516	100	0	100	0	0
54417543	0	0	100	0	0
54417590	0	0	0	0	0
54417602	100	0	0	0	0
54417673	0	0	0	0	0
54417694	100	0	100	0	0
54417716	100	0	0	40	0
54417829	100	0	0	0	0
54417896	100	0	0	20	0
54417899	100	0	0	20	0
54417973	100	0	0	0	0
54417979	100	0	100	100	0
54418001	100	0	0	0	0
54418010	0	0	0	0	0
54418049	0	0	0	0	0
54418064	0	0	0	0	0
54418086	0	0	0	0	0
54418127	0	0	0	0	0
54418224	100	0	0	0	0
54418231	66	0	0	0	0
54418282	66	0	0	0	0
54418345	100	0	0	0	0
54418369	0	0	0	0	0
54418370	0	0	0	0	0
54418376	0	50	0	0	1
54418388	0	0	0	0	0
54418390	100	0	0	0	0
54418399	0	0	0	0	0
54418404	0	0	0	0	0
54418408	100	0	0	0	0
54418445	33	0	100	0	0
54418478	0	0	0	0	0
54418483	100	0	0	0	0
54418488	0	0	0	0	0
54418489	0	0	100	0	0
54418508	0	0	0	0	0
54418572	0	0	0	0	0
54418578	0	0	0	0	0
54418693	0	0	0	0	0
54418695	100	0	0	0	0
54418713	0	0	0	0	0
54418727	100	0	0	0	0
54418728	66	0	0	40	0
54418741	100	0	100	40	0
54418756	0	0	0	0	0
54418776	100	0	0	0	0
54418815	66	0	100	0	0
54418820	100	100	100	100	0
54418827	0	0	0	0	0
54418860	0	0	0	0	0
54418861	100	0	100	100	0
54418871	0	0	0	0	0
54418894	100	0	100	0	0
54418900	100	0	0	0	0
54418915	0	0	0	0	0
54418934	66	0	100	0	0
54418938	100	0	100	0	0
54419003	33	0	0	0	0
54419048	0	0	0	0	0
54419061	33	0	0	0	0
54419095	100	0	100	100	1
54419126	0	0	0	0	0
54419162	33	0	0	0	0
54419221	0	0	0	0	0
54419252	0	0	0	0	0
54419273	0	0	100	0	0
54419282	0	0	0	0	0
54419325	100	50	100	100	5
54419333	33	0	0	0	0
54419353	0	0	0	0	0
54419514	100	0	0	0	0
54419551	33	0	100	0	0
54419554	0	0	0	0	0
54419590	0	0	0	0	0
54419598	0	0	100	0	0
54419691	100	0	0	0	0
54419707	100	0	0	0	0
54419727	0	0	0	0	0
54419728	0	0	0	0	0
54419733	100	0	100	100	0
54419763	0	50	0	0	4
54419773	0	0	0	0	0
54419821	0	0	100	0	0
54419829	0	0	0	0	0
54419931	100	0	0	0	0
54419984	33	0	0	0	0
54419997	100	0	100	0	0
54420028	0	0	100	0	0
54420053	0	0	0	0	0
54420056	100	0	0	0	0
54420066	33	0	0	0	0
54420075	100	0	0	0	0
54420107	0	0	0	0	0
54420168	0	0	0	0	0
54420188	100	0	0	0	0
54420204	0	0	0	0	0
54420226	0	0	0	0	0
54420254	100	0	0	0	0
54420258	0	0	0	0	0
54420357	0	0	0	0	0
54420371	100	0	0	0	0
54420394	0	0	0	0	0
54420405	100	0	0	0	0
54420408	100	0	100	0	0
54420485	100	0	100	0	0
54420492	0	0	0	0	0
54420495	0	0	0	0	0
54420496	0	0	0	0	0
54420502	0	0	0	0	0
54420555	33	0	100	0	0
54420564	0	0	0	0	0
54420608	0	0	100	0	0
54420624	100	0	0	0	0
54420674	100	0	0	0	0
54420691	100	0	100	0	0
54420700	100	0	0	0	0
54420713	100	0	100	0	0
54420747	0	0	0	0	0
54420768	100	0	100	0	0
54420796	100	0	0	0	0
54420831	0	0	100	0	0
54420839	0	0	0	0	0
54420877	0	0	100	0	0
54420887	100	0	0	0	0
54420902	100	0	100	100	0
54420903	0	0	0	0	0
54420906	100	0	100	0	0
54420942	100	0	0	0	0
54420943	0	0	0	0	0
54420968	0	0	100	0	0
54421010	0	0	0	0	0
54421038	0	0	100	0	0
54421052	100	0	0	0	0
54421070	100	0	100	0	0
54421090	0	0	0	0	0
54421120	100	0	0	0	0
54421155	100	0	0	0	0
54421162	0	0	0	0	0
54421195	0	0	0	0	0
54421218	0	0	0	0	0
54421239	0	0	0	0	0
54421261	100	0	100	0	0
54421336	0	0	0	0	0
54421373	100	0	0	0	0
54421440	0	0	100	0	0
54421484	33	0	0	0	0
54421491	0	0	0	0	0
54421515	0	0	0	0	0
54421536	0	0	0	0	0
54421611	0	0	0	0	0
54421628	0	0	0	0	0
54421633	100	50	100	100	1
54421693	100	0	100	100	0
54421703	100	0	100	0	0
54421724	0	0	0	0	0
54421728	100	0	0	0	0
54421739	0	0	0	0	0
54421843	0	0	0	0	0
54421876	0	0	0	0	0
54421880	100	0	100	0	0
54421911	100	0	0	0	0
54421923	0	0	0	0	0
54421946	0	0	0	0	0
54421947	100	0	0	0	0
54421985	0	0	0	0	0
54421994	0	0	0	0	0
54422004	0	0	100	0	0
54422005	0	0	0	0	0
54422038	100	0	0	0	0
54422046	0	0	0	0	0
54422076	100	0	100	0	0
54422082	100	50	100	0	0
54422191	0	0	0	0	0
54422262	0	0	0	0	0
54422276	100	0	100	0	0
54422290	100	100	100	20	73
54422301	0	0	0	0	0
54422313	100	0	100	0	0
54422352	0	0	100	0	0
54422357	0	0	100	0	0
54422384	100	0	0	0	0
54422393	100	0	0	0	0
54422477	66	0	0	0	0
54422483	100	0	0	0	0
54422520	100	0	100	100	1
54422528	100	0	0	0	0
54422576	33	0	0	0	0
54422614	100	0	0	0	0
54422620	0	0	0	0	0
54422633	100	0	0	0	0
54422775	0	0	0	0	0
54422790	100	0	0	0	0
54422794	100	0	0	0	0
54422826	0	0	100	0	0
54422859	100	0	0	0	0
54422873	100	0	0	0	0
54422889	100	0	0	0	0
54422898	66	0	0	0	0
54422920	0	0	0	0	0
54422979	100	0	0	0	0
54423001	0	0	0	0	0
54423061	100	0	0	0	0
54423093	100	50	100	100	0
54423103	100	0	0	0	0
54423127	100	0	0	0	0
54423175	100	0	100	0	0
54423199	0	0	100	0	0
54423226	0	0	0	0	0
54423228	100	0	0	0	0
54423294	100	0	0	0	0
54423317	0	0	0	0	0
54423343	0	0	0	0	0
54423378	100	100	0	100	8
54423404	100	0	0	0	0
54423431	100	0	0	0	0
54423453	100	0	0	0	0
54423470	100	0	100	0	0
54423485	100	0	100	20	0
54423527	100	0	0	0	0
54423534	100	0	0	0	0
54423578	0	0	0	0	0
54423619	0	0	0	0	0
54423636	100	0	0	0	0
54423637	100	0	0	0	0
54423639	0	0	0	0	0
54423649	100	0	0	0	0
54423715	0	0	100	0	0
54423748	100	0	100	0	0
54423768	100	50	100	20	0
54423792	100	0	100	0	0
54423807	0	0	100	0	0
54423826	100	0	100	0	0
54423827	100	0	100	0	0
54423829	100	0	0	0	0
54423880	66	50	0	40	1
54423888	100	0	100	0	0
54423909	100	0	100	0	0
54423941	0	0	100	0	0
54424045	0	0	0	0	0
54424094	100	0	0	0	0
54424151	0	0	0	0	0
54424156	0	0	0	0	0
54424183	100	0	100	0	0
54424186	100	0	100	0	0
54424200	33	0	0	0	0
54424207	0	0	0	0	0
54424210	66	0	0	0	0
54424257	100	0	100	0	0
54424298	0	0	0	0	0
54424305	0	0	0	0	0
54424325	0	0	0	0	0
54424330	100	0	100	0	0
54424332	0	0	0	0	0
54424443	100	0	100	0	0
54424468	100	0	0	0	0
54424487	0	0	0	0	0
54424517	100	0	0	0	0
54424550	100	0	0	0	0
54424559	0	0	0	0	0
54424575	33	0	0	0	0
54424608	100	0	0	0	0
54424686	100	0	0	0	0
54424696	100	0	0	0	0
54424700	0	0	0	0	0
54424701	100	100	100	100	0
54424744	0	0	0	0	0
54424798	0	0	0	0	0
54424801	66	0	0	0	0
54424869	0	0	100	0	0
54424881	100	0	0	100	0
54424897	0	0	0	40	0
54424907	0	0	0	0	0
54424909	100	0	0	0	0
54424943	0	0	0	0	0
54424956	33	0	100	0	0
54424989	0	0	100	0	0
54424991	100	0	0	0	0
54425015	0	0	0	0	0
54425139	0	0	0	0	0
54425181	100	0	0	0	0
54425273	0	100	0	0	0
54425305	100	0	0	0	0
54425323	100	0	100	0	0
54425349	100	0	0	0	0
54425383	100	50	0	0	0
54425419	0	0	0	0	0
54425428	0	0	0	0	0
54425441	66	0	100	40	0
54425474	100	0	0	0	0
54425497	100	0	0	0	0
54425504	0	0	100	0	0
54425534	0	0	0	0	0
54425560	100	0	0	0	0
54425587	0	0	0	0	0
54425594	0	0	0	0	0
54425640	0	0	0	0	0
54425645	100	0	100	100	0
54425652	0	0	0	0	0
54425682	100	0	0	0	0
54425698	0	0	0	0	0
54425759	0	0	0	0	0
54425761	0	0	100	0	0
54425771	0	0	0	0	0
54425895	0	0	100	0	0
54425896	0	0	0	0	0
54425900	0	0	0	0	0
54425903	0	0	100	0	0
54425943	0	0	0	0	0
54425957	100	0	0	0	0
54425982	0	0	0	0	0
54425987	100	100	0	60	1
54426054	0	0	0	0	0
54426063	0	0	100	0	0
54426067	66	0	0	0	0
54426068	0	0	0	0	0
54426072	100	0	100	20	0
54426094	33	0	100	0	0
54426155	0	0	0	0	0
54426173	100	100	100	100	7
54426174	100	0	0	0	0
54426189	100	100	100	100	2203
54426207	66	0	0	0	0
54426213	0	0	0	0	0
54426255	0	0	0	0	0
54426272	100	0	0	0	0
54426289	100	0	0	0	0
54426316	0	0	0	0	0
54426463	0	0	0	0	0
54426465	66	0	0	0	0
54426478	0	0	0	0	0
54426530	0	0	0	100	0
54426532	0	0	0	0	0
54426588	0	0	0	0	0
54426591	100	0	0	0	0
54426629	100	0	0	0	0
54426634	0	0	0	0	0
54426644	100	0	100	0	0
54426669	0	0	0	0	0
54426715	0	50	100	0	0
54426741	0	0	100	0	0
54426798	0	0	100	0	0
54426857	66	0	100	0	0
54426929	33	100	100	0	2
54426985	100	0	100	0	0
54427000	100	0	100	100	0
54427025	0	0	0	0	0
54427049	0	0	0	0	0
54427074	0	0	0	0	0
54427113	0	0	0	0	0
54427141	0	0	100	0	0
54427173	100	0	0	0	0
54427197	100	0	0	0	0
54427221	100	0	100	100	0
54427240	33	0	100	0	0
54427278	100	0	0	0	0
54427339	0	0	0	0	0
54427366	33	0	0	0	0
54427432	0	0	0	0	0
54427434	100	0	0	0	0
54427462	0	0	0	0	0
54427477	0	0	0	0	0
54427490	100	0	0	0	0
54427492	33	0	0	0	0
54427508	0	0	0	0	0
54427509	100	0	0	0	0
54427545	100	0	100	100	0
54427610	0	0	0	0	0
54427642	0	50	100	0	0
54427749	0	0	100	0	0
54427789	100	0	0	60	0
54427792	100	50	0	100	1
54427793	0	0	100	0	0
54427904	33	0	0	0	0
54427908	0	0	0	0	0
54427913	0	0	0	0	0
54427917	33	0	0	0	0
54428043	0	0	0	0	0
54428051	100	0	100	0	0
54428088	0	0	0	0	0
54428104	0	0	0	0	0
54428335	0	0	0	0	0
54428367	100	0	0	0	0
54428372	100	0	0	0	0
54428410	100	0	100	0	0
54428415	0	0	0	0	0
54428452	100	0	0	0	0
54428485	0	0	0	0	0
54428488	0	0	100	0	0
54428496	0	0	0	0	0
54428507	0	0	0	0	0
54428573	100	0	100	0	0
54428597	100	0	100	100	0
54428621	0	0	100	0	0
54428650	100	0	100	0	0
54428719	0	0	0	0	0
54428726	33	0	0	0	0
54428755	100	0	0	0	0
54428832	0	0	0	0	0
54428861	0	0	0	0	0
54428862	0	0	0	0	0
54428863	0	0	0	0	0
54428890	100	0	0	0	0
54428916	0	0	0	0	0
54428928	0	0	0	0	0
54428939	0	0	0	0	0
54428950	0	0	0	0	0
54428960	100	0	0	0	0
54428992	100	0	0	0	0
54429004	100	0	0	0	0
54429006	0	0	0	0	0
54429039	0	0	0	0	0
54429047	0	0	100	0	2
54429060	100	0	0	0	0
54429079	100	0	100	0	0
54429097	100	50	0	0	0
54429120	0	0	0	0	0
54429137	0	0	0	0	0
54429159	100	0	100	0	0
54429209	0	0	0	0	0
54429247	0	0	0	0	0
54429249	0	0	0	0	0
54429259	0	0	100	0	0
54429311	33	0	0	0	0
54429316	0	0	0	0	0
54429320	100	0	0	0	0
54429329	0	0	0	0	0
54429352	0	0	0	0	0
54429369	0	0	0	0	0
54429372	0	0	0	0	0
54429375	0	0	0	0	0
54429376	0	0	0	0	0
54429393	0	0	100	0	0
54429425	0	0	0	0	0
54429443	0	0	0	0	0
54429450	0	0	0	0	0
54429472	0	0	0	0	0
54429492	0	0	0	0	0
54429501	0	0	0	0	0
54429520	33	0	0	0	0
54429532	0	0	0	0	0
54429567	0	0	0	0	0
54429595	0	0	0	0	0
54429603	66	0	0	0	0
54429628	0	0	0	0	0
54429629	0	0	0	0	0
54429645	0	0	0	0	0
54429688	0	0	0	0	0
54429723	100	50	100	100	4
54429755	100	0	0	0	0
54429766	100	50	100	0	0
54429776	0	0	0	0	0
54429804	0	0	0	0	0
54429885	100	0	0	60	0
54429899	0	0	0	0	0
54429926	0	0	0	0	0
54429929	100	0	0	0	0
54429938	100	0	0	0	0
54429951	0	0	0	0	0
54429966	0	0	0	0	0
54429967	0	0	0	0	0
54429990	33	0	100	0	0
54429991	0	0	0	0	0
54430014	0	0	0	0	0
54430041	0	0	0	0	0
54430055	100	0	0	20	0
54430077	0	0	0	0	0
54430104	0	0	0	0	0
54430147	66	0	0	0	0
54430177	0	50	0	0	1
54430236	0	0	0	0	0
54430277	100	0	0	0	0
54430287	100	0	0	0	0
54430305	0	0	100	0	0
54430330	100	0	0	0	0
54430347	0	0	0	0	0
54430389	0	0	0	0	0
54430409	0	0	0	0	0
54430421	0	0	0	0	0
54430456	0	0	0	0	0
54430508	100	100	100	100	11
54430531	33	0	100	40	0
54430532	0	0	0	0	0
54430571	0	0	0	0	0
54430577	0	0	100	0	0
54430585	100	0	0	0	0
54430652	0	0	0	0	0
54430683	33	100	100	100	4
54430698	100	0	0	0	0
54430703	0	0	0	0	0
54430708	0	0	0	0	0
54430715	0	0	0	0	0
54430718	0	0	0	0	0
54430753	100	50	0	100	0
54430766	100	0	0	0	0
54430775	0	0	0	0	0
54430776	33	0	0	0	0
54430836	0	0	0	0	0
54430859	0	50	0	0	1
54430877	0	0	100	0	0
54430906	0	0	0	0	0
54430984	100	0	100	100	0
54430994	0	0	0	0	0
54431031	100	0	100	0	0
54431042	0	0	100	0	0
54431054	100	0	100	0	0
54431076	66	0	0	0	0
54431122	0	0	0	0	0
54431217	100	0	100	0	0
54431223	0	0	0	80	0
54431228	100	0	0	0	0
54431229	0	0	0	0	0
54431239	100	0	100	100	2
54431281	0	0	0	0	0
54431310	0	0	0	0	0
54431312	0	0	0	0	0
54431323	0	0	0	0	0
54431333	0	0	0	0	0
54431334	0	0	0	0	0
54431367	0	0	0	0	0
54431375	100	0	0	0	0
54431380	0	0	0	0	0
54431381	0	0	0	0	0
54431383	100	0	0	0	0
54431400	0	0	0	0	0
54431404	100	0	100	0	0
54431406	33	0	0	0	0
54431425	0	0	100	0	0
54431489	0	0	0	0	0
54431557	0	0	0	0	0
54431560	0	0	0	0	0
54431566	0	0	100	0	2
54431569	0	0	0	0	0
54431574	100	0	0	0	0
54431637	100	0	100	0	0
54431654	0	0	100	0	0
54431657	100	0	0	0	0
54431668	0	0	0	0	0
54431709	66	0	0	0	0
54431714	0	0	0	0	0
54431756	0	0	0	0	0
54431770	100	0	100	0	0
54431787	100	0	0	0	0
54431820	0	0	0	0	0
54431842	100	0	0	0	0
54431856	0	0	0	0	0
54431900	100	0	100	0	0
54431927	100	0	0	100	0
54431950	0	0	0	0	0
54432008	0	0	0	0	0
54432013	100	0	100	0	0
54432041	0	0	0	0	0
54432042	0	0	100	0	0
54432078	33	0	0	0	0
54432097	0	50	0	0	1
54432101	100	0	0	0	0
54432131	0	0	0	0	0
54432132	0	0	0	0	0
54432145	0	0	0	0	0
54432151	0	0	0	0	0
54432163	0	0	0	0	0
54432165	0	0	0	0	0
54432187	100	0	100	0	0
54432206	0	0	0	0	0
54432234	0	0	0	0	0
54432244	0	0	0	0	0
54432276	100	0	100	0	0
54432278	100	0	0	0	0
54432292	33	0	0	20	0
54432301	100	0	0	0	0
54432413	100	0	0	0	0
54432415	100	0	100	0	0
54432421	0	0	0	0	0
54432431	0	0	0	0	0
54432435	100	50	100	80	0
54432470	0	0	100	0	0
54432496	100	0	0	0	0
54432553	0	0	0	0	0
54432623	0	0	0	0	0
54432628	100	0	0	0	0
54432636	0	0	0	0	0
54432643	100	0	0	0	0
54432663	100	0	0	0	0
54432667	0	0	0	0	0
54432671	0	0	0	0	0
54432680	0	0	0	0	0
54432719	100	0	100	0	0
54432723	100	0	0	0	0
54432729	100	0	100	0	0
54432733	0	0	0	0	0
54432790	100	0	0	20	0
54432833	100	0	100	0	0
54432846	100	0	0	0	0
54432868	0	0	0	0	0
54432874	33	0	0	0	0
54432899	100	0	100	100	0
54433086	100	0	0	0	0
54433103	0	0	0	0	0
54433116	0	0	0	0	0
54433155	100	0	0	0	0
54433184	100	0	100	0	0
54433186	100	0	0	0	0
54433191	100	0	100	0	0
54433194	100	0	0	0	0
54433195	100	0	100	0	0
54433213	0	0	0	0	0
54433217	0	0	0	0	0
54433223	100	0	100	100	0
54433224	66	0	0	0	0
54433247	100	0	100	0	0
54433255	100	50	100	100	3
54433268	0	0	100	0	0
54433340	0	0	0	0	0
54433358	0	0	100	0	0
54433362	0	0	0	0	0
54433388	0	50	0	0	0
54433398	0	0	0	0	0
54433400	100	0	100	0	0
54433412	0	0	100	0	0
54433433	100	0	100	100	0
54433460	0	0	0	0	0
54433495	0	0	0	0	0
54433560	0	0	0	0	0
54433597	100	0	100	0	0
54433608	100	0	0	0	0
54433630	0	0	0	0	0
54433638	0	0	0	0	0
54433642	0	0	0	0	0
54433671	0	0	100	0	0
54433682	0	0	100	0	0
54433690	0	0	0	0	0
54433695	0	0	0	0	0
54433696	0	0	0	0	0
54433723	0	0	0	0	0
54433724	0	0	0	0	0
54433726	0	0	100	0	0
54433734	100	0	0	0	0
54433746	0	0	0	0	0
54433747	0	0	0	0	0
54433749	0	0	0	0	0
54433751	0	0	0	0	0
54433757	0	0	0	0	0
54433759	33	0	0	0	0
54433767	100	0	0	0	0
54433770	0	50	0	0	1
54433787	0	0	0	0	0
54433820	33	0	0	0	0
54433829	0	0	100	0	0
54433943	100	0	0	0	0
54433961	0	0	0	0	0
54433967	0	0	100	0	0
54433976	0	0	100	0	0
54433995	0	0	0	0	0
54434039	0	0	0	0	0
54434051	100	0	0	0	0
54434075	100	0	0	0	0
54434094	100	0	0	0	0
54434095	0	0	0	0	0
54434104	100	0	100	0	0
54434141	0	0	0	0	0
54434179	0	0	0	0	0
54434204	0	0	0	0	0
54434235	100	50	100	100	5
54434261	0	0	0	0	0
54434263	0	0	0	0	0
54434289	100	0	100	0	0
54434321	0	0	0	0	0
54434374	100	0	0	0	0
54434376	0	0	0	0	0
54434386	100	0	0	0	0
54434405	100	0	100	0	0
54434432	100	0	100	0	0
54434444	0	0	0	0	0
54434448	100	0	0	0	0
54434450	100	0	0	0	0
54434474	100	0	100	0	0
54434518	0	0	100	0	0
54434597	0	0	0	0	0
54434620	0	0	0	0	0
54434622	0	0	0	0	0
54434628	0	0	0	0	0
54434638	100	0	0	100	0
54434670	33	0	0	0	0
54434715	0	0	0	0	0
54434746	0	0	0	0	0
54434759	100	50	100	0	0
54434771	0	0	0	0	0
54434778	0	0	0	0	0
54434790	0	0	0	0	0
54434803	100	0	100	100	0
54434808	0	0	0	0	0
54434810	33	0	0	0	0
54434814	0	0	100	0	0
54434822	0	0	100	0	0
54434828	100	0	0	0	0
54434861	100	0	0	0	0
54434866	100	0	0	0	0
54434867	100	0	0	0	0
54434868	100	0	0	0	0
54434887	0	0	0	0	0
54434902	0	0	100	0	0
54434932	0	0	0	0	0
54434941	100	0	100	0	0
54435002	100	0	0	0	0
54435021	33	0	0	0	0
54435026	100	0	100	0	0
54435040	0	0	0	0	0
54435072	0	0	0	0	0
54435077	0	0	0	0	0
54435086	0	0	0	0	0
54435106	33	0	0	0	0
54435109	0	0	0	0	0
54435116	0	0	0	0	0
54435119	0	0	0	0	0
54435120	0	0	0	0	0
54435161	0	0	100	0	0
54435171	100	0	100	0	0
54435184	100	0	0	0	0
54435258	100	0	0	100	0
54435311	33	0	0	0	0
54435330	100	0	0	0	0
54435362	0	0	0	0	0
54435372	0	0	0	0	0
54435376	100	0	0	0	0
54435385	100	0	0	0	0
54435455	0	0	0	0	0
54435461	100	0	100	0	0
54435464	0	0	0	0	0
54435531	33	0	0	0	0
54435550	0	0	100	0	0
54435560	100	0	100	0	0
54435584	0	0	0	0	0
54435589	0	0	0	0	0
54435636	0	0	0	0	0
54435677	0	0	0	0	0
54435683	33	0	0	0	0
54435739	100	100	100	100	565
54435806	100	0	0	0	0
54435818	0	0	0	0	0
54435873	0	0	0	0	0
54435888	0	0	0	0	0
54435896	100	0	0	0	0
54435981	0	0	100	0	0
54435986	0	0	0	0	0
54436030	100	50	0	100	1
54436051	0	0	100	0	0
54436059	0	0	0	0	0
54436073	0	0	100	0	0
54436108	100	0	0	0	0
54436146	100	0	100	0	0
54436154	0	0	0	0	0
54436199	100	0	0	0	0
54436204	0	0	0	0	0
54436205	0	0	0	0	0
54436277	33	0	0	0	0
54436279	0	0	0	0	0
54436324	0	0	0	0	0
54436328	100	0	100	0	0
54436329	0	0	0	0	0
54436394	0	0	100	0	0
54436397	0	0	100	0	0
54436399	0	0	100	0	0
54436418	100	0	100	0	0
54436439	100	0	0	100	0
54436450	100	0	0	0	0
54436477	0	0	0	0	0
54436483	0	0	0	0	0
54436500	100	0	0	0	0
54436515	100	0	0	0	0
54436521	100	0	0	0	0
54436536	0	0	0	0	0
54436544	0	0	0	0	0
54436548	0	0	0	0	0
54436554	100	0	0	0	0
54436556	0	0	0	0	0
54436568	100	0	0	0	0
54436597	100	0	0	0	0
54436612	100	0	0	0	0
54436625	0	0	100	0	0
54436629	0	0	0	0	0
54436658	0	50	0	0	1
54436673	0	0	100	0	0
54436711	100	0	100	100	4
54436714	100	0	100	0	0
54436739	0	0	100	0	0
54436767	0	0	100	0	0
54436808	0	0	0	0	0
54436817	0	0	0	0	0
54436824	0	0	0	0	0
54436862	0	0	100	0	0
54436867	100	0	0	0	0
54436875	0	0	0	0	0
54436916	0	0	0	0	0
54436938	0	0	0	0	0
54436946	66	0	0	100	0
54436963	33	100	100	40	0
54437012	0	0	0	0	0
54437021	0	0	0	0	0
54437024	100	0	0	0	0
54437037	100	0	0	0	0
54437039	0	0	0	0	0
54437040	0	0	100	0	0
54437055	0	0	0	0	0
54437076	0	0	100	0	0
54437085	0	0	100	0	0
54437105	100	0	0	0	0
54437122	0	0	0	0	0
54437136	100	0	0	0	0
54437174	100	0	100	40	4
54437180	0	0	0	0	0
54437191	33	0	0	0	0
54437231	100	0	100	20	0
54437278	66	0	100	0	0
54437286	33	0	0	0	0
54437305	100	50	0	0	1
54437339	0	0	0	0	0
54437365	0	0	0	0	0
54437369	100	0	100	100	0
54437371	0	0	0	0	0
54437372	0	0	0	0	0
54437410	100	0	0	0	0
54437443	33	0	0	0	0
54437450	0	0	0	0	0
54437465	0	0	100	0	0
54437470	0	0	0	0	0
54437477	100	0	0	0	0
54437481	100	0	100	0	0
54437496	100	0	100	0	0
54437582	0	0	100	0	0
54437625	0	0	100	0	0
54437634	0	0	0	0	0
54437676	100	0	100	0	0
54437690	100	0	0	0	0
54437711	100	0	0	0	0
54437714	0	0	0	0	0
54437738	0	0	0	0	0
54437765	0	0	0	0	0
54437801	0	0	0	0	0
54437866	100	0	0	0	0
54437870	100	0	100	0	0
54437885	0	0	0	0	0
54437927	0	0	0	0	0
54437930	0	0	0	0	0
54437956	0	0	0	0	0
54437974	100	0	0	0	0
54438015	100	0	100	0	2
54438029	100	0	0	20	1
54438108	100	0	0	0	0
54438149	0	0	0	0	0
54438170	0	0	0	0	0
54438173	0	0	100	0	0
54438223	100	0	0	0	0
54438247	100	50	0	100	2
54438267	0	0	0	0	0
54438284	0	0	100	0	0
54438421	0	0	0	0	0
54438423	100	0	0	0	0
54438431	100	0	0	0	0
54438446	100	0	100	0	0
54438453	0	0	0	0	0
54438482	0	0	0	0	0
54438526	0	0	0	0	0
54438541	0	0	100	0	0
54438554	100	100	100	100	133
54438665	0	0	0	0	0
54438710	100	0	0	0	0
54438779	100	100	100	100	794
54438784	100	0	0	0	0
54438798	0	50	100	60	4
54438823	100	0	0	0	0
54438825	0	0	0	0	0
54438829	100	0	100	0	0
54438856	33	0	0	0	0
54438876	0	0	0	0	0
54438920	0	0	0	0	0
54438930	0	0	0	0	0
54438943	0	0	0	0	0
54438951	100	0	0	0	0
54438988	0	0	0	0	0
54439025	100	0	0	0	0
54439069	0	0	0	0	0
54439077	0	0	0	0	0
54439135	0	0	100	0	0
54439184	0	0	0	0	0
54439226	100	0	0	0	0
54439230	0	0	100	0	0
54439274	0	0	0	0	0
54439286	66	0	100	0	0
54439311	100	0	0	0	0
54439327	100	50	100	100	0
54439351	0	0	0	0	0
54439374	0	0	0	0	0
54439422	100	0	0	0	0
54439427	100	0	100	0	0
54439444	0	0	0	0	0
54439487	0	0	0	0	0
54439490	0	0	0	0	0
54439533	0	0	0	0	0
54439537	100	0	100	0	0
54439558	100	0	100	0	0
54439566	0	0	0	0	0
54439668	0	0	100	0	0
54439670	100	0	0	0	0
54439688	100	0	100	0	0
54439754	0	0	100	0	0
54439932	100	0	100	0	0
54439942	100	0	0	0	0
54439956	0	50	0	0	0
54439961	33	0	0	0	0
54440006	33	0	0	0	0
54440057	66	0	0	0	0
54440108	0	0	0	0	0
54440118	0	0	100	0	0
54440166	100	50	100	100	1
54440189	100	0	0	0	0
54440197	0	0	0	0	0
54440228	100	0	0	0	0
54440259	0	0	0	0	0
54440267	66	0	100	40	0
54440272	0	0	0	0	0
54440288	100	0	100	20	0
54440306	0	0	0	0	0
54440315	0	0	0	0	0
54440328	33	0	100	0	0
54440376	100	0	100	0	0
54440394	33	50	0	20	4
54440564	0	0	0	0	0
54440577	0	0	0	0	0
54440614	0	0	0	0	0
54440633	0	0	100	0	0
54440641	0	0	0	0	0
54440663	100	0	0	0	0
54440664	0	0	0	0	0
54440699	100	0	100	0	0
54440806	0	0	0	0	0
54440831	100	0	0	0	0
54440861	0	0	0	0	0
54440868	100	0	100	0	0
54440888	100	50	100	100	1
54440902	100	0	100	0	0
54440991	100	0	0	0	0
54440998	0	0	100	0	0
54441005	100	0	100	100	0
54441033	100	0	0	0	0
54441083	0	0	0	0	0
54441099	0	0	0	0	0
54441133	0	0	0	0	0
54441151	66	0	0	0	0
54441211	0	0	0	0	0
54441221	0	0	0	0	0
54441241	100	0	100	0	0
54441252	0	0	0	0	0
54441273	0	0	0	0	0
54441275	0	0	100	0	0
54441310	66	100	100	100	4
54441316	100	0	100	0	0
54441342	66	0	100	0	0
54441347	0	0	0	0	0
54441377	0	0	0	0	0
54441413	100	100	100	100	0
54441435	100	0	0	0	0
54441496	66	0	100	0	0
54441498	100	0	100	0	0
54441503	100	0	100	0	0
54441611	0	0	100	0	0
54441625	100	0	100	0	0
54441634	100	0	0	0	0
54441663	100	0	0	0	0
54441690	0	0	0	0	0
54441707	100	0	0	0	0
54441719	100	100	100	100	3
54441723	100	0	100	100	2
54441758	0	0	0	0	0
54441801	0	100	100	0	4
54441808	0	0	0	0	0
54441819	0	0	0	0	0
54441894	100	50	100	100	0
54441901	0	0	100	0	0
54441910	100	0	100	0	0
54441921	100	0	100	0	0
54441937	33	0	0	0	0
54441995	100	0	0	0	0
54442025	100	0	100	0	0
54442027	33	50	100	0	2
54442094	0	0	0	0	0
54442127	0	0	0	0	0
54442169	0	0	0	0	0
54442217	0	0	0	0	0
54442242	66	0	0	0	0
54442301	100	0	100	0	0
54442326	0	0	0	0	0
54442327	100	50	0	100	2
54442388	66	0	0	0	0
54442433	100	0	0	0	0
54442443	100	0	0	0	0
54442455	0	50	0	0	0
54442470	0	0	0	0	0
54442527	100	0	0	0	0
54442545	0	0	0	0	0
54442560	0	0	0	0	1
54442606	0	0	0	0	0
54442621	100	0	100	0	0
54442645	100	0	0	0	0
54442652	0	0	100	0	0
54442672	0	0	0	0	0
54442711	100	0	0	0	0
54442802	0	0	100	0	0
54442808	100	0	100	0	0
54442813	0	0	0	0	0
54442835	0	0	0	0	0
54442903	0	0	0	0	0
54442946	100	0	100	0	0
54443027	100	0	100	100	0
54443031	100	0	100	100	1
54443075	33	100	100	40	3
54443093	66	0	0	0	0
54443123	100	0	0	0	0
54443131	100	0	100	0	0
54443190	0	0	100	0	0
54443270	100	0	100	0	0
54443277	100	0	100	0	0
54443314	0	100	100	0	3
54443347	100	0	100	0	0
54443386	0	0	0	0	0
54443390	100	0	100	100	0
54443394	0	0	0	0	0
54443475	0	0	0	0	0
54443498	100	0	0	0	0
54443572	0	0	0	0	0
54443596	0	0	0	0	0
54443617	0	0	0	0	0
54443653	100	0	0	0	0
54443703	100	0	100	0	0
54443722	0	0	0	0	0
54443750	0	0	0	0	0
54443757	0	0	0	0	0
54443777	0	0	0	0	0
54443801	0	0	0	0	0
54443802	0	0	0	0	0
54443852	0	50	0	0	1
54443862	0	0	0	0	0
54443871	100	0	0	0	0
54443915	100	0	0	0	0
54443916	0	0	0	0	0
54443934	66	0	100	0	0
54443964	66	0	100	0	0
54444127	100	0	100	0	0
54444161	0	0	0	0	0
54444193	0	0	0	0	0
54444215	100	0	100	0	0
54444220	0	0	0	0	0
54444330	0	0	0	0	0
54444337	0	0	0	0	0
54444369	0	0	100	0	0
54444419	100	0	0	0	0
54444459	33	0	0	0	0
54444499	0	0	100	0	0
54444513	0	0	0	0	0
54444567	100	0	0	0	0
54444629	0	0	0	0	0
54444691	0	0	0	0	0
54444700	100	0	0	0	0
54444777	100	0	100	0	0
54444825	0	0	100	0	0
54444837	0	0	0	0	0
54444887	100	0	100	0	0
54444911	0	0	0	0	0
54444916	66	0	100	40	0
54444935	100	0	0	0	0
54444995	33	0	0	0	0
54445039	0	100	0	0	1
54445048	0	0	0	0	0
54445109	0	0	100	0	0
54445121	100	0	100	60	1
54445134	0	0	100	0	0
54445161	0	50	100	20	0
54445181	0	50	0	0	1
54445228	0	0	100	0	0
54445250	0	50	100	0	0
54445255	100	0	100	0	0
54445257	100	0	100	0	0
54445318	66	0	0	0	0
54445319	33	0	100	0	0
54445323	0	0	0	0	0
54445418	100	0	100	0	0
54445481	100	0	100	0	0
54445497	0	100	0	0	1
54445549	0	0	100	0	0
54445560	0	0	100	0	0
54445657	100	0	100	100	0
54445672	33	0	0	0	0
54445673	0	0	0	0	0
54445685	0	0	0	0	0
54445707	100	0	100	100	0
54445734	0	0	0	0	0
54445737	100	0	0	0	0
54445773	0	0	0	0	0
54445776	0	0	0	0	0
54445844	100	50	0	0	2
54445848	0	0	0	0	0
54445867	100	0	0	0	0
54445920	33	0	0	100	0
54445960	100	0	0	0	0
54445961	0	0	0	0	0
54445985	100	0	0	0	0
54446016	100	0	100	0	0
54446024	0	0	0	0	0
54446035	100	0	100	0	0
54446046	0	0	0	0	0
54446064	66	0	0	0	0
54446070	0	0	0	0	0
54446115	0	0	0	0	0
54446144	0	0	0	0	0
54446157	100	0	0	0	0
54446247	100	0	0	0	0
54446255	0	0	100	0	0
54446307	0	0	0	0	0
54446387	100	0	0	0	0
54446389	100	0	0	100	0
54446427	100	0	100	0	0
54446455	100	0	100	80	0
54446470	0	0	0	0	0
54446473	0	0	0	0	0
54446510	0	0	100	0	0
54446528	0	0	100	0	0
54446601	0	0	100	0	0
54446646	100	0	0	0	0
54446661	100	0	0	0	0
54446803	0	0	0	0	0
54446811	0	0	0	0	0
54446813	66	0	0	0	0
54446827	0	0	100	0	0
54446841	0	0	0	0	0
54446850	0	0	0	0	0
54446871	0	0	0	0	0
54446971	66	0	0	0	0
54446973	100	0	0	0	0
54446978	0	0	0	0	0
54446982	0	0	0	0	0
54447053	100	100	0	100	8
54447056	0	0	0	0	0
54447075	100	0	100	0	0
54447113	0	0	100	0	0
54447133	0	0	100	0	0
54447137	33	0	0	0	0
54447158	100	0	100	0	0
54447166	0	0	0	0	0
54447185	0	0	0	0	0
54447193	0	0	100	0	0
54447199	0	0	0	0	0
54447212	0	0	0	0	0
54447282	0	0	100	0	0
54447342	100	0	100	100	0
54447410	33	0	0	0	0
54447412	100	0	100	0	1
54447475	100	0	100	0	0
54447481	0	0	0	0	0
54447490	0	0	100	0	0
54447502	100	0	100	0	0
54447515	100	100	100	100	0
54447553	0	0	0	0	0
54447557	0	50	0	0	0
54447583	100	0	100	0	0
54447610	0	0	0	0	0
54447674	0	0	0	0	0
54447680	0	0	0	0	0
54447708	0	0	0	0	0
54447714	100	0	0	0	0
54447717	0	50	0	0	1
54447789	0	0	100	0	0
54447793	0	0	100	0	0
54447841	33	0	0	0	0
54447855	100	0	100	0	0
54447858	100	0	0	0	0
54447860	100	50	0	0	1
54447900	0	0	0	0	0
54447938	0	0	0	0	0
54447951	100	0	100	0	0
54447972	100	0	100	100	0
54447974	100	50	100	0	0
54447981	0	0	0	0	0
54447991	0	0	0	0	0
54448016	0	0	0	0	0
54448026	100	100	100	100	0
54448033	100	100	100	100	5
54448038	0	0	0	0	0
54448101	0	0	0	0	0
54448109	0	0	0	0	0
54448116	100	100	0	100	1
54448152	100	0	100	0	0
54448153	100	50	100	100	0
54448170	100	0	0	0	0
54448181	100	50	100	100	4
54448235	0	0	0	0	0
54448276	0	0	0	0	0
54448301	0	0	0	0	0
54448304	0	50	100	0	1
54448312	100	0	100	100	0
54448325	0	0	100	0	0
54448335	33	0	0	0	0
54448355	0	0	100	0	0
54448361	0	0	0	0	0
54448370	0	50	0	0	1
54448406	0	0	0	0	0
54448417	0	0	0	0	0
54448419	100	0	0	0	0
54448519	33	0	0	0	0
54448539	0	0	100	0	0
54448544	0	0	0	0	0
54448549	0	0	100	0	0
54448575	100	0	100	0	0
54448627	0	0	0	0	0
54448631	100	0	100	100	0
54448632	0	0	0	0	0
54448633	100	0	0	0	0
54448659	0	0	0	0	0
54448668	0	0	0	0	0
54448707	0	0	0	0	0
54448728	100	0	0	0	0
54448738	66	0	0	0	0
54448775	0	0	0	0	0
54448780	0	0	0	0	0
54448832	0	0	0	0	0
54448845	0	0	0	0	0
54448846	0	0	100	0	0
54448851	100	0	100	0	0
54448863	0	0	0	0	0
54448865	33	0	0	0	0
54448900	0	0	0	0	0
54448946	0	0	0	0	0
54448948	0	0	0	0	0
54449004	0	0	0	0	0
54449024	100	0	0	0	0
54449073	0	0	0	0	0
54449074	0	0	0	0	0
54449091	100	0	0	0	0
54449096	0	0	0	0	0
54449119	0	0	0	0	0
54449136	0	0	0	0	0
54449137	0	0	0	0	0
54449139	0	0	0	0	0
54449157	66	0	0	0	0
54449159	66	0	0	0	0
54449169	100	0	100	0	2
54449182	0	0	0	0	0
54449192	0	0	0	0	0
54449234	100	0	0	0	0
54449269	0	0	0	0	0
54449306	100	0	100	0	0
54449315	0	0	0	0	0
54449382	100	0	0	0	0
54449429	0	0	100	0	0
54449470	100	0	0	0	0
54449480	66	0	0	0	0
54449486	0	0	0	0	0
54449529	0	0	0	0	0
54449535	100	0	100	0	0
54449579	0	0	100	0	0
54449580	100	0	100	0	0
54449590	100	0	0	0	0
54449599	100	0	100	100	0
54449623	100	50	100	0	0
54449624	100	0	100	0	0
54449641	100	0	0	0	0
54449650	0	0	100	0	0
54449750	100	0	100	0	0
54449751	0	0	100	0	0
54449807	0	50	0	0	1
54449819	0	0	100	0	0
54449907	0	0	100	0	0
54449909	100	0	0	0	0
54449958	100	0	0	0	0
54449970	0	0	0	0	0
54449972	100	0	0	0	0
54450011	0	0	0	0	0
54450019	0	0	0	0	0
54450039	0	0	0	0	0
54450040	33	0	0	0	0
54450050	0	0	100	0	0
54450051	0	0	0	0	0
54450056	0	0	0	0	0
54450060	100	0	0	0	0
54450088	0	0	0	0	0
54450093	0	0	0	0	0
54450096	0	0	0	0	0
54450098	0	0	0	0	0
54450172	0	0	0	0	0
54450178	100	0	0	0	0
54450199	0	0	0	0	0
54450259	100	0	0	40	0
54450261	100	100	100	100	917
54450267	0	0	0	0	0
54450361	0	0	0	0	0
54450378	0	0	0	0	0
54450392	0	0	0	0	0
54450402	0	0	0	0	0
54450416	0	0	0	0	0
54450420	0	0	0	0	0
54450497	33	0	0	0	0
54450521	100	0	100	0	0
54450529	0	0	0	0	0
54450531	0	0	100	0	0
54450562	100	0	0	0	0
54450634	0	0	100	0	0
54450635	100	0	100	0	0
54450662	0	0	0	0	0
54450665	100	0	0	0	0
54450672	0	0	0	0	0
54450702	100	0	100	0	0
54450741	100	0	0	60	0
54450751	0	0	0	0	0
54450758	100	0	0	0	0
54450765	33	0	0	0	0
54450780	0	0	100	0	0
54450790	100	0	100	100	1
54450812	0	0	0	0	0
54450820	0	0	0	0	0
54450866	0	0	100	0	1
54450874	0	0	0	0	0
54450879	0	0	100	0	0
54450883	0	0	0	0	0
54450898	100	0	0	0	0
54450916	0	0	0	0	0
54450943	100	0	0	0	0
54450953	0	0	0	0	0
54450969	33	0	0	0	0
54451010	100	0	100	0	0
54451056	100	0	0	0	0
54451099	0	0	0	0	0
54451116	0	0	0	0	0
54451117	100	0	100	0	0
54451134	100	100	0	100	13
54451143	0	0	100	0	0
54451154	0	0	0	0	0
54451166	33	0	100	0	0
54451230	0	0	0	0	0
54451253	0	0	0	0	0
54451255	100	50	0	60	0
54451259	0	0	0	0	0
54451260	100	0	100	100	0
54451287	100	0	0	0	0
54451330	0	0	0	0	0
54451390	0	0	100	0	0
54451400	100	0	0	0	0
54451403	0	0	0	0	0
54451432	100	0	0	0	0
54451479	100	0	100	0	0
54451483	100	0	0	0	0
54451486	0	0	0	0	0
54451506	100	0	0	0	0
54451532	100	0	0	0	0
54451539	0	50	0	0	0
54451566	0	0	100	0	0
54451574	0	0	0	0	0
54451580	0	0	0	0	0
54451645	0	0	0	0	0
54451734	100	0	100	0	0
54451757	100	0	0	0	0
54451785	0	0	100	0	0
54451802	0	0	0	0	0
54451812	0	0	0	0	0
54451843	100	50	100	100	0
54451914	0	0	0	0	0
54451927	0	0	0	0	0
54451930	100	0	100	0	0
54451954	33	0	100	0	0
54451995	0	0	100	0	0
54452041	100	0	0	0	0
54452068	0	0	0	0	0
54452085	100	50	100	100	0
54452088	0	0	0	0	0
54452128	33	0	0	0	0
54452168	0	0	0	0	0
54452180	100	0	100	0	0
54452193	100	0	100	0	0
54452216	0	0	0	0	0
54452223	0	0	0	0	0
54452274	0	0	0	0	0
54452348	100	0	0	0	0
54452430	0	0	0	0	0
54452448	0	0	0	0	0
54452491	100	0	0	0	0
54452518	0	0	0	0	0
54452529	100	50	100	100	2
54452530	100	0	100	0	0
54452539	100	0	0	0	0
54452550	0	0	0	0	0
54452557	100	100	0	100	21
54452564	66	50	100	100	1
54452568	0	0	0	0	0
54452596	0	0	0	0	0
54452603	0	0	0	0	0
54452604	0	0	0	0	0
54452649	100	0	0	0	0
54452663	0	0	100	0	0
54452669	0	0	0	0	0
54452710	0	0	0	0	0
54452746	0	0	0	0	0
54452756	100	0	100	0	0
54452762	100	0	0	0	0
54452781	100	0	100	0	0
54452835	0	0	0	0	0
54452888	100	0	0	0	0
54452916	0	0	0	0	0
54452924	0	0	100	0	0
54452961	0	0	0	0	0
54453008	0	0	0	0	0
54453034	100	0	100	0	0
54453057	0	0	0	0	0
54453061	100	0	0	0	0
54453062	0	0	0	0	0
54453080	0	0	0	0	0
54453115	100	0	0	0	0
54453165	33	0	0	0	0
54453199	0	0	100	0	0
54453276	0	0	0	0	0
54453312	66	0	0	0	0
54453330	0	0	0	0	0
54453334	100	50	0	100	1
54453336	0	0	0	0	0
54453391	100	0	100	0	0
54453441	0	0	100	0	0
54453456	0	0	0	0	0
54453541	100	0	0	0	0
54453549	0	50	100	0	2
54453566	100	0	100	100	0
54453634	0	0	0	0	0
54453655	100	0	0	0	0
54453667	100	0	0	0	0
54453734	100	0	0	0	0
54453746	0	0	0	0	0
54453795	0	0	100	0	0
54453807	100	0	100	0	0
54453808	66	0	0	0	0
54453836	0	0	0	0	0
54453941	33	0	100	0	0
54453964	33	50	0	0	0
54453990	0	0	0	0	0
54454009	0	0	0	0	0
54454085	0	50	0	0	1
54454087	0	0	100	0	0
54454094	0	0	0	0	0
54454100	0	0	0	0	0
54454122	0	0	0	0	0
54454146	0	0	0	0	0
54454158	0	0	0	0	0
54454161	100	50	100	100	1
54454168	0	0	0	0	0
54454194	0	0	0	0	0
54454211	100	0	0	40	0
54454218	100	50	0	0	0
54454265	0	0	0	0	0
54454270	33	0	100	0	0
54454289	0	0	100	0	0
54454292	100	0	0	0	0
54454293	0	0	0	0	0
54454298	100	0	0	0	0
54454301	100	0	0	0	0
54454415	100	0	0	0	0
54454452	0	0	0	0	0
54454469	0	0	100	0	0
54454481	0	0	0	0	0
54454492	100	0	0	0	0
54454538	100	0	100	0	0
54454541	100	0	100	100	0
54454592	100	0	0	100	0
54454610	100	50	0	0	1
54454624	100	0	100	0	0
54454642	0	0	0	0	0
54454692	100	0	0	0	0
54454702	100	100	0	100	0
54454707	66	0	100	0	0
54454796	0	50	100	0	1
54454818	100	0	0	100	0
54454828	100	0	100	100	1
54454863	100	0	100	60	0
54454913	0	0	0	0	0
54454962	0	50	0	0	2
54454967	0	0	0	0	0
54454972	100	0	0	0	0
54454986	66	50	0	0	1
54454995	0	0	100	0	0
54455010	0	0	0	0	0
54455021	100	0	0	0	0
54455033	0	0	0	0	0
54455051	33	0	0	0	0
54455052	0	0	0	0	0
54455083	100	0	0	0	0
54455112	33	0	0	0	0
54455117	0	0	0	0	0
54455188	0	0	0	0	0
54455203	100	0	0	0	0
54455237	100	0	100	100	0
54455259	100	0	0	0	0
54455260	0	0	0	0	0
54455263	0	0	0	0	0
54455272	0	0	100	0	0
54455287	0	0	100	0	0
54455293	100	0	0	0	0
54455303	0	0	0	0	0
54455330	0	0	0	0	0
54455341	0	0	0	0	0
54455348	100	100	100	100	3
54455366	0	0	0	0	0
54455394	0	0	0	0	0
54455396	100	0	0	0	0
54455421	100	50	100	100	0
54455437	100	0	0	0	0
54455449	33	0	100	20	0
54455469	0	0	0	0	0
54455501	0	0	100	0	0
54455503	100	50	100	0	0
54455546	0	0	100	0	0
54455552	0	0	100	0	0
54455556	100	50	0	100	1
54455562	100	0	0	100	0
54455583	100	0	0	0	0
54455588	100	0	0	0	0
54455642	100	0	0	0	0
54455680	100	0	0	0	0
54455684	100	0	0	0	0
54455693	0	0	0	0	0
54455712	0	0	0	0	0
54455738	0	0	0	0	0
54455769	0	0	0	0	0
54455789	100	0	100	0	0
54455839	0	0	0	0	0
54455865	0	0	0	0	0
54455924	100	0	0	0	0
54455932	0	0	100	0	0
54455939	0	0	100	0	0
54455958	0	0	0	0	0
54455984	100	0	100	0	0
54456010	100	0	0	0	0
54456011	0	0	0	0	0
54456017	0	0	0	0	0
54456083	100	0	100	100	2
54456121	0	0	0	0	0
54456132	0	0	100	0	0
54456153	0	0	100	0	0
54456194	100	50	0	0	2
54456195	0	0	100	0	1
54456208	100	0	100	0	0
54456229	0	0	0	0	0
54456237	0	50	0	0	0
54456249	0	0	100	0	0
54456261	0	0	0	0	0
54456273	100	0	100	0	0
54456297	0	0	0	0	0
54456304	100	0	100	100	0
54456314	0	0	0	0	0
54456339	0	0	0	0	0
54456361	0	0	0	0	0
54456374	33	0	0	0	0
54456389	0	0	100	0	0
54456403	0	0	0	0	0
54456413	100	0	0	0	0
54456431	33	0	100	0	0
54456442	0	0	100	0	0
54456531	0	0	0	0	1
54456533	0	50	0	100	0
54456550	0	0	0	0	0
54456551	100	0	100	0	1
54456561	0	50	0	0	3
54456604	0	0	0	0	0
54456613	100	100	0	40	2
54456614	0	0	0	0	0
54456674	33	0	0	0	0
54456692	100	0	0	100	0
54456710	100	50	0	0	1
54456718	100	0	0	0	0
54456724	0	0	0	0	0
54456750	100	0	100	0	0
54456787	100	0	0	0	0
54456796	100	50	100	100	0
54456798	66	0	100	0	0
54456828	0	0	0	0	0
54456836	100	0	0	60	0
54456839	100	100	100	100	9
54456974	100	0	0	0	0
54457002	0	0	100	0	0
54457037	100	0	100	0	0
54457059	33	0	100	0	0
54457061	0	0	0	0	0
54457069	0	0	0	0	0
54457104	100	0	0	0	0
54457107	100	0	0	0	0
54457170	0	0	0	0	0
54457176	100	0	100	0	0
54457302	33	0	0	0	0
54457323	100	100	100	100	453
54457332	0	100	100	0	4
54457356	100	0	0	0	0
54457390	100	0	100	20	0
54457393	0	50	0	0	1
54457397	0	0	100	0	0
54457488	0	0	0	0	0
54457494	33	0	100	0	0
54457516	100	0	0	0	0
54457550	100	0	0	0	0
54457553	0	0	100	0	0
54457564	100	0	0	0	0
54457624	100	0	100	0	0
54457631	0	0	0	0	0
54457650	0	0	0	0	0
54457660	0	0	0	0	0
54457715	100	0	0	0	0
54457720	0	0	0	0	0
54457783	100	0	100	100	0
54457790	100	0	0	0	0
54457825	0	0	0	0	0
54457826	0	0	0	0	0
54457875	0	0	100	0	0
54457889	100	0	100	100	6
54457914	0	50	100	100	2
54457927	100	0	100	100	1
54457938	100	0	0	0	0
54457967	0	0	0	0	0
54457974	100	0	0	0	0
54458005	33	50	100	0	1
54458019	100	0	0	0	0
54458024	100	50	0	100	1
54458026	0	0	100	0	0
54458027	0	0	100	0	0
54458032	0	0	0	0	0
54458045	100	0	100	0	0
54458087	0	0	0	0	0
54458094	100	0	0	80	0
54458095	0	0	0	0	0
54458114	100	0	0	0	0
54458131	0	0	0	0	0
54458153	0	0	0	0	0
54458167	100	0	0	0	0
54458174	0	0	100	0	0
54458246	100	0	0	0	0
54458259	100	0	100	100	0
54458267	0	0	0	0	0
54458271	100	0	0	0	0
54458276	0	0	0	0	0
54458279	100	0	0	0	0
54458280	0	0	100	0	0
54458337	100	0	0	0	0
54458353	100	0	0	0	0
54458405	100	0	100	100	0
54458462	0	0	0	0	0
54458476	0	0	0	0	0
54458492	100	0	0	0	0
54458546	100	0	0	0	0
54458553	100	0	0	0	0
54458555	0	0	100	0	0
54458581	33	50	0	0	0
54458618	0	0	0	0	0
54458655	0	0	100	0	0
54458669	33	0	0	0	0
54458701	100	0	100	0	0
54458769	0	0	0	0	0
54458772	100	0	0	0	0
54458833	0	0	0	0	0
54458922	0	0	100	0	0
54458972	0	0	100	0	0
54458982	0	0	0	0	0
54458991	0	50	100	0	0
54458999	0	0	0	0	0
54459021	0	0	0	0	0
54459064	0	0	0	0	0
54459084	100	0	0	0	0
54459133	0	0	0	0	0
54459142	0	0	0	0	0
54459209	33	0	0	0	0
54459276	100	50	0	0	2
54459288	100	0	100	0	0
54459316	0	0	0	0	0
54459339	0	0	0	0	0
54459398	100	0	0	0	0
54459472	0	0	0	0	0
54459485	100	100	100	100	12
54459499	100	0	0	0	0
54459500	100	50	100	0	1
54459574	33	0	0	0	0
54459618	0	0	0	0	0
54459638	0	0	0	0	0
54459652	100	0	100	100	0
54459681	0	0	0	0	0
54459683	100	0	0	0	0
54459710	0	0	0	0	0
54459717	100	0	0	0	0
54459750	0	0	0	0	0
54459752	33	0	100	0	0
54459758	100	0	0	0	0
54459771	100	0	0	0	0
54459781	0	0	0	0	0
54459789	100	0	0	0	0
54459796	0	0	0	0	0
54459801	100	0	0	0	0
54459805	0	50	100	0	0
54459816	100	0	0	0	0
54459819	0	0	0	0	0
54459839	100	0	100	0	0
54459850	100	50	100	60	2
54459862	0	0	0	0	0
54459874	0	0	100	0	0
54459887	0	0	0	0	0
54459919	0	0	0	0	0
54459921	100	0	0	0	0
54459949	0	0	0	0	0
54459973	0	0	100	0	0
54459993	0	0	0	0	0
54460091	0	0	0	0	0
54460093	100	0	100	0	0
54460114	0	0	100	0	0
54460128	0	0	0	0	0
54460139	100	0	100	0	0
54460150	0	0	0	0	0
54460155	100	0	0	80	0
54460162	0	0	0	0	0
54460179	100	0	100	0	0
54460226	100	0	0	0	0
54460234	100	50	0	100	2
54460237	100	0	100	100	1
54460241	100	50	0	0	2
54460302	100	0	0	0	0
54460303	100	0	0	100	0
54460319	0	0	0	0	1
54460356	0	0	100	0	0
54460375	0	0	0	0	1
54460434	100	0	0	0	0
54460517	0	0	0	0	1
54460519	100	0	0	0	1
54460527	100	0	0	0	0
54460555	0	50	0	0	2
54460557	100	0	0	0	2
54460561	0	0	100	0	1
54460592	0	50	0	0	0
54460657	100	0	0	0	1
54460697	100	0	0	0	0
54460705	66	0	0	0	1
54460709	0	0	0	0	1
54460714	100	50	100	100	160
54460715	0	0	0	0	0
54460716	0	50	0	0	1
54460717	0	0	100	0	3
54460757	100	0	0	0	0
54460768	0	0	0	0	1
54460818	100	50	100	100	0
