54383762 0 1 0 0 0
54383882 0 0 0 0 0
54383957 0 0 0 0 0
54384312 0 0 0 0 0
54384358 0 0 0 0 0
54384424 0 0 0 0 0
54384474 0 0 0 0 0
54384538 0 0 1 2 2
54384559 0 0 0 0 0
54384694 0 0 0 0 0
54384764 0 0 0 0 0
54384941 0 0 1 2 2
54384965 0 0 0 0 0
54385249 0 0 0 0 0
54385259 0 0 0 0 0
54385373 0 0 0 0 0
54385452 0 4 1 0 25
54385586 0 1 1 0 1
54385779 0 1 1 0 0
54385809 0 1 0 92 13
54385872 0 0 0 0 0
54385975 0 0 0 0 0
54386020 0 0 0 0 0
54386094 0 3 0 0 1
54386160 0 0 1 24 0
54386240 0 0 0 0 0
54386247 0 0 0 0 0
54386255 0 0 0 0 0
54386279 0 3 1 559 7
54386536 0 0 0 0 0
54386548 0 0 0 0 0
54386610 0 2 1 20 11
54386798 0 0 0 0 0
54386868 0 0 0 0 0
54386957 0 1 0 0 0
54387020 0 0 1 0 0
54387044 0 2 1 23 0
54387214 0 1 0 90 44
54387273 0 0 0 0 0
54387337 0 0 0 0 0
54387677 0 0 0 0 0
54387678 0 0 0 0 0
54387745 0 0 0 0 0
54387785 0 0 1 0 2
54387899 0 0 1 0 8
54387927 0 4 1 0 1
54388506 0 0 0 0 0
54388524 0 2 1 158 0
54388605 0 1 0 7 0
54388670 0 0 0 0 0
54388709 0 0 0 0 0
54388712 0 1 0 0 0
54388786 0 0 0 0 0
54388825 0 0 0 0 0
54388974 0 0 0 0 0
54389094 0 0 0 0 0
54389122 0 0 0 0 0
54389160 0 0 0 0 0
54389178 0 1 1 70 5
54389281 0 0 0 0 0
54389290 0 0 0 0 0
54389353 0 0 0 0 0
54389543 0 0 0 0 0
54389677 0 0 0 0 0
54389705 0 3 0 0 1
54389713 0 0 1 108 0
54389748 0 1 1 52 0
54389787 0 1 0 184 0
54389792 0 2 1 519 49
54389812 0 3 0 0 8
54389918 0 0 0 0 0
54390015 0 1 1 67 7
54390034 0 0 0 0 0
54390274 0 0 0 0 0
54390602 0 2 0 0 2
54390607 0 0 0 0 0
54390781 0 0 1 34 0
54390832 0 0 0 0 0
54390920 0 2 1 27 8
54391186 0 0 0 0 0
54391258 0 0 0 0 0
54391398 0 2 1 69 7
54391499 0 2 0 7 1
54391500 0 0 0 0 0
54391621 0 4 0 2 1
54391648 0 4 1 0 0
54391803 0 0 1 0 0
54391896 0 2 1 67 23
54391902 0 0 0 0 0
54392022 0 0 0 0 0
54392376 0 0 0 0 0
54393021 0 0 0 0 0
54393133 0 0 1 0 0
54393225 0 0 1 0 0
54393292 0 0 0 0 0
54393516 0 0 0 0 0
54393661 0 0 0 0 0
54393898 0 0 0 0 0
54394010 0 0 0 0 0
54394051 0 1 0 0 0
54394059 0 0 0 0 0
54394222 0 0 0 0 0
54394578 0 0 0 0 0
54394602 0 0 0 0 0
54394644 0 0 0 0 0
54394666 0 0 0 0 0
54394845 0 0 0 0 0
54394972 0 3 0 29 256
54395118 0 0 0 0 0
54395272 0 4 0 3 6
54395302 0 1 1 0 2
54395383 0 0 0 0 0
54395398 0 0 0 0 0
54395420 0 0 0 0 0
54395506 0 0 0 0 0
54395669 0 1 0 0 20
54395673 0 0 0 0 0
54395820 0 0 0 0 0
54396183 16 0 1 27 2
54396282 0 0 0 0 0
54396289 0 0 0 0 0
54396295 0 2 1 0 0
54396462 0 0 0 0 0
54396650 0 0 0 0 0
54397064 0 0 0 0 0
54397094 0 1 0 53 71
54397687 0 2 1 35 0
54397786 0 0 0 0 0
54397841 0 1 0 0 0
54397887 0 0 1 2 0
54397911 0 0 0 0 0
54397951 0 1 1 65 1
54397957 0 0 0 0 0
54398315 0 0 0 0 0
54398409 0 0 0 0 0
54398488 0 0 0 0 0
54398580 0 2 1 35 22
54399508 0 1 1 0 0
54399576 0 0 0 0 0
54399587 0 0 0 0 0
54399786 0 0 0 0 0
54400077 0 0 0 0 0
54400143 0 0 0 0 0
54400193 0 0 0 0 0
54400298 0 1 1 0 1
54400347 0 0 0 0 0
54400812 0 2 0 10 0
54400863 0 0 0 0 0
54400922 0 4 1 3777 238
54401336 250 1 1 0 0
54401377 0 0 0 0 0
54401508 0 0 0 0 0
54401593 0 0 0 0 0
54401644 0 0 0 0 0
54401949 0 0 0 0 0
54401988 0 1 1 89 11
54402260 0 4 1 2469 59
54402279 0 2 1 0 0
54402493 0 0 0 0 0
54402686 0 0 0 0 0
54403025 0 0 0 0 0
54403044 0 1 0 32 29
54403465 0 4 1 0 57
54403874 0 0 0 0 0
54404032 0 0 0 0 0
54404436 0 2 0 0 0
54404497 0 0 0 0 0
54404968 0 3 1 123 26
54405339 0 0 1 117 18
54405352 0 0 0 0 0
54405529 0 0 0 0 0
54405603 0 0 0 0 0
54405686 0 0 1 0 0
54405750 0 0 1 0 0
54405910 0 1 1 60 3
54406025 0 0 0 0 0
54406352 0 0 0 0 0
54406360 0 1 0 0 0
54406361 0 0 0 0 0
54406404 0 2 1 120 10
54406434 0 0 0 0 0
54406533 0 1 1 0 0
54406552 0 4 1 0 104
54406647 0 1 1 104 4
54406668 0 0 0 0 0
54406999 0 0 0 0 0
54407033 0 0 0 0 0
54407077 0 1 0 2 1
54407149 0 4 1 36 10
54407434 0 0 0 0 0
54407484 0 3 1 8 1
54407605 0 0 1 3 1
54407922 0 0 0 0 0
54408010 0 0 0 0 0
54408086 0 0 0 0 0
54408153 0 0 0 0 0
54408321 0 1 0 0 0
54408382 0 0 0 0 0
54408612 0 1 0 0 3
54408631 0 0 0 0 0
54408749 0 1 1 0 1
54409175 0 2 0 3 3
54409198 0 0 0 0 0
54409221 0 0 0 0 0
54409608 0 0 1 4 63
54409654 0 0 0 0 0
54409705 0 2 0 0 0
54409743 0 0 0 0 0
54410114 0 0 0 0 0
54410147 0 0 0 0 0
54410286 0 1 0 1 12
54410395 0 0 0 0 0
54410476 0 0 0 0 0
54410483 22 2 1 41 0
54410573 0 3 1 160 65
54410901 0 0 0 0 0
54410937 0 2 0 0 0
54411141 0 0 0 0 0
54411252 0 1 1 82 160
54411501 0 0 0 0 0
54411862 0 0 0 0 0
54412402 0 0 0 0 0
54412509 0 0 0 0 0
54412687 0 0 0 0 0
54412726 0 0 0 0 0
54412728 0 2 1 15 0
54412846 0 4 1 0 1
54412954 0 0 0 0 0
54413005 0 0 0 0 0
54413023 0 0 0 0 0
54413024 0 2 0 135 53
54413068 0 0 0 0 0
54413240 0 1 1 2 1
54413268 0 4 1 23 11
54413316 0 2 0 1693 50
54413505 0 0 0 0 0
54413588 0 0 0 0 0
54413604 0 0 0 0 0
54413957 0 0 0 0 0
54414141 0 2 0 16 0
54414282 0 1 0 54 39
54414562 0 1 1 71 4
54414872 0 0 0 0 0
54414983 0 4 1 439 49
54415147 0 0 0 0 0
54415220 0 0 0 0 0
54415344 0 0 0 0 0
54415462 0 3 1 413 1025
54415607 0 3 1 243 16
54415754 0 0 0 0 0
54415999 0 0 1 0 0
54416082 0 0 0 0 0
54416446 0 3 1 18 1
54417322 0 0 0 0 0
54417557 0 0 0 0 0
54417685 0 0 0 0 0
54417692 0 0 0 0 0
54417771 0 3 0 156 297
54417890 0 0 0 0 0
54417928 0 0 0 0 0
54417953 0 4 1 3235 35
54417974 0 1 1 46 16
54418081 0 1 0 7 0
54418354 0 0 0 0 0
54419043 0 4 1 33 17
54419069 0 2 0 148 16
54419157 0 0 1 0 6
54419223 0 0 0 0 0
54419396 0 4 1 155 11
54419599 0 1 0 0 0
54419673 0 0 0 0 0
54419732 0 1 0 0 0
54419774 0 2 1 7143 10
54420046 0 0 0 0 0
54420138 0 3 1 115 407
54420229 0 0 0 0 0
54420433 0 0 1 4 1
54420562 0 0 0 0 0
54420670 0 0 0 0 0
54420708 0 1 1 10 1
54420865 0 0 1 0 0
54421026 0 2 1 129 52
54421067 0 2 1 1 12
54421140 0 1 1 97 10
54421246 0 3 1 0 23
54421291 0 2 1 17 8
54421452 0 0 0 0 0
54421456 0 0 0 0 0
54421638 0 0 0 0 0
54421745 0 0 0 0 0
54421784 0 3 1 2983 722
54421943 0 1 0 0 0
54421973 0 0 0 0 0
54422006 0 3 1 12 4
54422037 0 1 0 2 1
54422295 0 0 0 0 0
54422323 0 4 1 930 20
54422383 0 0 0 0 0
54422409 0 0 0 0 0
54422433 0 1 0 0 0
54422442 0 1 1 62 27
54422884 0 0 1 0 0
54422886 0 2 1 262 185
54423024 0 0 0 0 0
54423086 0 2 0 34 0
54423136 0 0 0 0 0
54423319 0 1 0 33 0
54423442 0 0 0 0 0
54423599 0 4 1 154 27
54423603 0 0 0 0 0
54423747 0 1 0 0 0
54423800 0 0 0 0 0
54423892 0 0 0 0 0
54423898 0 1 0 48 13
54424109 0 0 0 0 0
54424314 0 2 0 55 8
54424417 0 1 0 0 2
54424607 0 0 0 0 0
54424695 0 3 0 35 5
54424697 0 0 0 0 0
54424704 0 0 0 0 0
54424721 0 0 0 0 0
54424726 0 2 1 83 20
54424769 0 0 0 0 0
54424954 0 0 0 0 0
54425130 15 0 1 0 0
54425172 0 0 0 0 0
54425701 0 3 0 743 3
54425753 0 1 1 13 6
54426110 0 0 0 0 0
54426154 0 3 1 74 70
54426183 0 0 0 0 0
54426304 0 3 1 488 55
54426427 0 0 0 0 0
54426435 0 2 1 8 0
54426452 0 2 0 41 58
54426499 0 2 0 2 2
54426711 0 1 0 0 0
54426820 0 0 0 0 0
54427229 0 1 0 0 0
54427322 0 0 1 0 0
54427358 0 0 1 0 0
54427491 0 0 0 0 0
54427802 0 0 0 0 0
54427834 0 1 0 0 0
54427985 0 2 0 40 1
54428145 0 1 0 282 17
54428227 0 0 0 0 0
54428616 0 0 0 0 0
54428849 0 0 0 0 0
54428881 0 4 1 216 25
54428921 0 2 1 0 1
54429090 0 4 1 2048 344
54429130 0 0 1 0 0
54429206 0 0 0 0 0
54429353 0 2 1 340 100
54429497 0 0 1 0 0
54429607 0 0 0 0 0
54429699 0 3 0 32 3
54429796 0 1 0 6 1
54429880 0 1 0 2 1
54429998 0 0 0 0 0
54430088 0 0 0 2 0
54430108 0 0 0 0 0
54430329 0 3 1 49 41
54430525 0 0 0 0 0
54430887 0 0 0 0 0
54431347 0 0 0 0 0
54431577 0 0 0 0 0
54431639 0 0 0 0 0
54431848 0 0 0 0 0
54432080 0 3 0 29 6
54432141 0 0 0 1 1
54432751 0 3 1 193 11
54432880 0 0 0 0 0
54433183 0 1 0 2 1
54433232 0 0 0 0 0
54433279 0 3 1 57 9
54433576 0 0 1 0 0
54433614 0 0 1 163 2
54433736 0 4 1 67 54
54433823 0 0 0 0 0
54433866 0 1 0 0 0
54434097 0 0 0 0 0
54434116 0 0 0 0 0
54434199 0 0 1 16 5
54434351 0 0 0 0 0
54434462 0 1 1 76 29
54434960 0 3 1 158 15
54435247 0 4 1 1279 101
54435307 0 0 0 0 0
54435325 0 0 0 0 0
54435483 0 0 0 0 0
54435520 0 1 1 0 0
54435561 69 1 1 70 2
54435617 0 0 0 0 0
54435913 0 0 0 0 0
54435931 0 1 0 1 1
54435988 0 1 0 5 0
54436125 0 0 0 0 0
54436155 0 1 0 2281 289
54436503 0 0 0 0 0
54436539 0 0 0 0 0
54436928 0 0 0 0 0
54437080 0 1 0 0 1
54437086 0 0 0 0 0
54437276 0 0 0 0 0
54437296 0 0 1 0 0
54437705 0 0 0 0 0
54438128 0 0 0 0 0
54438154 0 3 0 100 9
54438819 0 0 0 0 0
54438918 0 2 0 360 12
54439539 0 1 0 28 5
54439651 0 0 0 0 0
54439849 0 0 0 0 0
54439952 0 0 0 0 0
54439970 0 3 0 94 16
54440036 0 0 0 0 0
54440048 0 0 1 0 3
54440105 0 2 0 2 1
54440836 0 1 1 17 30
54441544 0 0 0 0 0
54441581 0 4 1 224 179
54441593 0 1 0 0 0
54441602 0 0 0 0 0
54441818 0 0 0 0 0
54441822 0 2 0 1 1
54442033 0 0 0 0 0
54442259 0 0 0 0 0
54442325 0 0 0 0 0
54442494 0 1 0 14 0
54442728 0 0 0 0 0
54443050 0 2 1 331 76
54443096 0 0 1 6 0
54443184 0 0 0 0 0
54443215 0 0 0 0 0
54443401 0 1 0 4 0
54443440 0 1 1 26 2
54443543 0 2 1 0 11
54443598 0 0 0 0 0
54443658 0 1 0 379 100
54444014 0 4 1 836 46
54444052 0 1 0 0 5
54444105 0 1 0 0 2
54444194 0 2 1 2 64
54444212 0 0 0 0 0
54444248 0 1 0 0 101
54444426 0 1 0 0 0
54444476 0 0 0 0 0
54444548 0 3 1 44 8
54444551 0 0 0 0 0
54444681 0 0 0 0 0
54444688 0 0 0 0 0
54444757 0 1 0 0 0
54444848 0 2 1 0 30
54444979 0 1 0 3 0
54445118 0 0 0 0 0
54445173 0 0 0 0 0
54445224 0 2 1 327 30
54445262 0 0 0 0 0
54445393 0 0 0 0 0
54445436 0 2 0 0 0
54445465 0 0 0 0 0
54445577 0 2 0 10 26
54445831 0 0 0 0 0
54446517 0 0 0 18 0
54446570 0 2 0 0 0
54447096 0 0 0 0 0
54447127 0 1 1 0 0
54447153 0 2 0 153 22
54447333 0 0 0 0 0
54447344 0 0 0 0 0
54447441 0 2 1 9 2
54447449 0 0 0 2 3
54447470 0 0 0 0 0
54447518 0 1 0 0 0
54447672 0 4 1 175 42
54447837 0 0 0 0 0
54448053 0 2 1 36 57
54448054 0 2 0 72 0
54448401 0 1 0 0 0
54448443 0 3 0 0 16
54448677 0 0 0 0 0
54448695 0 2 0 126 2
54448701 0 2 1 9 25
54448864 0 1 1 14 2
54448893 0 3 0 0 154
54448969 0 0 0 0 0
54449076 0 3 1 72 32
54449133 0 1 1 107 11
54449141 0 0 0 0 0
54449189 0 0 0 0 0
54449268 0 2 0 0 2
54449279 106 4 1 1667 55
54449460 0 1 0 0 0
54449501 0 0 0 0 0
54449632 0 0 0 0 0
54449689 0 0 0 0 0
54449949 0 0 0 0 0
54450004 0 1 0 3 1
54450312 0 4 1 2 16
54450342 0 2 1 22 10
54450356 0 1 1 52 11
54450457 0 0 0 0 0
54450494 0 3 1 82 12
54450500 0 1 0 0 2
54450506 0 4 1 1725 1054
54450535 0 4 0 35 9
54450559 0 1 1 17 1
54450727 0 0 0 0 0
54450899 0 1 0 29 17
54450936 0 1 1 244 10
54450949 0 3 0 38 6
54451072 0 0 0 0 0
54451670 0 4 1 455 75
54451805 0 3 1 0 4
54451881 0 2 1 22 28
54452169 0 1 0 0 0
54452220 0 0 0 0 0
54452221 0 0 0 0 0
54452251 0 1 0 0 0
54452722 0 0 0 0 0
54452899 0 0 0 0 0
54453055 0 2 0 4 1
54453105 0 1 0 0 0
54453138 0 0 1 0 0
54453185 0 3 1 751 219
54453542 0 1 0 7 2
54453611 0 1 0 0 0
54453670 0 0 0 0 0
54453756 0 0 0 0 0
54453843 0 0 1 13 0
54454086 0 0 0 0 0
54454097 0 2 0 175 4
54454123 0 1 0 0 0
54454253 0 0 0 1 1
54454336 0 0 0 0 0
54454404 1723 1 1 30 32
54454620 0 0 0 0 0
54454852 0 0 0 0 0
54454856 0 0 0 0 0
54454966 0 3 1 0 0
54455053 0 3 1 20 6
54455324 0 1 0 20 0
54455337 0 1 0 0 3
54455369 0 2 0 625 85
54455651 0 0 0 0 0
54455652 0 0 0 0 0
54455859 0 1 1 11 1
54456049 0 0 0 0 0
54456075 0 0 0 0 0
54456139 0 0 0 0 0
54456186 0 1 0 0 1
54456379 0 1 0 140 81
54456479 0 1 0 0 1
54456490 0 0 0 0 0
54456687 0 0 0 0 0
54456745 0 1 0 48 0
54456844 0 0 0 0 0
54457074 0 2 0 57 69
54457456 0 2 0 151 358
54457608 0 1 0 2 0
54457988 0 0 0 0 0
54458003 1 0 1 13 0
54458009 0 2 1 0 0
54458249 0 0 0 0 0
54458327 0 3 1 108 6
54458391 0 1 0 0 0
54458415 0 2 1 4 84
54458599 0 0 0 0 0
54458805 0 1 1 74 9
54458874 10 1 1 540 195
54458977 0 0 0 0 0
54458994 0 0 0 0 0
54459116 0 0 0 0 1
54459167 0 0 0 0 0
54459214 0 0 0 0 0
54459259 0 2 1 0 8
54459441 0 3 1 339 30
54459533 0 0 0 0 0
54459596 0 1 1 70 4
54459633 0 0 0 1 4
54459667 0 0 0 0 0
54459735 0 0 0 0 0
54459920 0 1 0 7 17
54460059 0 0 0 0 0
54460465 0 1 0 18 2
54460510 0 1 1 2 0
54460544 0 1 0 68 22
54460673 0 1 0 0 4
54460699 0 1 0 50 31
54460734 0 1 0 10 37
54460738 0 0 0 0 0
