54383762 0 1 0 0 0
54383788 0 0 0 0 0
54383845 0 0 0 0 0
54383859 0 0 0 0 0
54383871 0 0 0 0 0
54383882 0 0 0 0 0
54383887 0 0 0 0 0
54383900 3 0 0 0 0
54383918 890 0 0 0 0
54383920 22 0 0 0 0
54383938 51 0 1 27 0
54383957 0 0 0 0 0
54383965 0 0 0 0 0
54383967 0 0 0 0 0
54383994 48 0 0 0 0
54384119 0 0 0 0 0
54384141 0 0 1 0 0
54384150 0 0 0 0 0
54384165 0 0 0 0 0
54384201 0 0 0 0 0
54384241 90 0 0 0 0
54384247 0 0 0 0 0
54384262 0 0 0 0 0
54384272 0 0 0 0 0
54384278 9 0 0 0 0
54384300 0 0 0 0 0
54384310 0 0 0 0 0
54384317 28 0 0 0 0
54384344 0 0 0 0 0
54384378 0 0 0 0 0
54384381 0 0 0 0 0
54384398 0 0 0 0 0
54384411 0 0 0 0 0
54384421 0 0 0 0 0
54384424 0 0 0 0 0
54384465 0 0 0 0 0
54384469 0 0 0 0 0
54384485 0 0 0 0 0
54384499 216 2 1 38 4
54384545 0 0 0 0 0
54384572 839 0 1 0 0
54384620 35 0 1 0 0
54384628 0 0 0 0 0
54384632 0 0 0 0 0
54384635 0 0 0 0 0
54384642 0 0 1 0 0
54384663 0 2 0 0 1
54384736 0 0 0 0 0
54384739 25 0 1 0 0
54384749 0 0 0 0 0
54384774 0 0 0 0 0
54384794 0 0 0 0 0
54384829 0 0 0 0 0
54384834 0 0 0 0 0
54384836 38 0 1 0 0
54384854 2 0 1 3 0
54384882 0 0 0 0 0
54384897 0 0 0 0 0
54384941 0 0 1 2 2
54384951 16 0 0 0 0
54384962 0 0 0 0 0
54384975 0 0 0 0 0
54384998 58 0 0 0 0
54385001 150 0 1 0 0
54385024 0 0 0 0 0
54385046 0 0 0 0 0
54385047 29 0 1 0 0
54385053 0 0 0 0 0
54385058 0 0 0 0 0
54385061 331 0 1 0 0
54385079 0 0 0 0 0
54385082 18 0 0 0 0
54385140 0 0 0 0 0
54385153 33 0 1 2 0
54385191 0 0 0 0 0
54385197 0 0 1 0 0
54385232 0 0 1 0 0
54385242 0 0 1 0 0
54385250 1 0 0 0 0
54385283 4 0 0 0 0
54385317 0 0 0 0 0
54385324 0 0 1 0 0
54385346 82 0 1 0 0
54385349 0 0 0 0 0
54385371 0 0 0 0 0
54385373 0 0 0 0 0
54385401 0 0 0 0 0
54385429 3 0 1 2 0
54385438 0 0 0 0 0
54385452 0 4 1 0 25
54385472 30 0 0 0 0
54385496 3 0 0 0 0
54385499 0 0 0 0 0
54385503 0 0 0 0 0
54385535 0 0 0 0 0
54385567 0 0 0 0 0
54385570 24 0 0 0 0
54385583 9 0 0 0 0
54385603 1 0 1 0 0
54385622 0 1 0 0 0
54385668 0 1 1 2 2
54385670 0 0 0 0 0
54385680 0 0 0 0 0
54385681 14 0 1 0 0
54385692 0 0 0 0 0
54385717 0 0 1 0 0
54385718 4 0 0 0 0
54385721 0 2 0 0 4
54385749 1392 0 1 57 0
54385772 809 0 0 0 0
54385779 0 1 1 0 0
54385785 0 0 1 0 0
54385809 0 1 0 92 13
54385813 0 0 0 0 0
54385823 5 0 1 0 0
54385859 0 0 0 0 0
54385866 11 0 0 0 0
54385899 0 0 1 0 0
54385907 219 0 1 0 0
54385940 0 0 0 0 0
54385948 2 0 0 0 0
54385959 0 0 0 0 0
54385975 0 0 0 0 0
54385981 0 0 0 0 0
54386020 0 0 0 0 0
54386036 0 0 0 0 0
54386057 0 0 0 0 0
54386062 0 0 1 0 0
54386065 16 0 0 0 0
54386066 74 0 0 1 0
54386094 0 3 0 0 1
54386097 0 0 0 0 0
54386139 0 0 0 0 0
54386150 0 0 0 0 0
54386160 0 0 1 24 0
54386175 60 0 0 0 0
54386179 0 0 0 0 0
54386189 212 0 0 0 0
54386205 0 0 0 0 0
54386232 0 0 0 0 0
54386240 0 0 0 0 0
54386247 0 0 0 0 0
54386249 0 0 0 0 0
54386255 0 0 0 0 0
54386279 0 3 1 559 7
54386295 0 0 0 0 0
54386303 0 0 1 0 0
54386328 11 0 0 0 0
54386331 0 0 0 0 0
54386346 0 0 0 0 0
54386351 60 0 1 0 0
54386355 0 0 0 0 0
54386389 5 0 0 0 0
54386390 0 0 0 0 0
54386434 1 0 0 0 0
54386435 0 0 0 0 0
54386465 0 0 0 0 0
54386476 0 0 0 0 0
54386489 0 0 0 0 0
54386497 109 0 1 0 0
54386510 1 0 1 0 0
54386511 5 0 0 0 0
54386517 0 0 1 0 0
54386535 9 0 0 0 0
54386536 0 0 0 0 0
54386547 0 0 0 0 0
54386548 0 0 0 0 0
54386562 13 0 0 0 0
54386567 124 0 1 0 0
54386578 17 0 0 0 0
54386590 0 0 0 0 0
54386593 0 0 0 0 0
54386602 2 0 0 0 0
54386610 0 2 1 20 11
54386629 3 0 1 2 0
54386638 0 1 1 1 76
54386640 0 0 0 0 0
54386653 0 0 0 0 0
54386665 0 0 0 0 0
54386689 0 0 1 0 0
54386728 22 0 0 0 0
54386747 0 0 1 0 0
54386769 0 0 1 0 0
54386778 10 0 0 0 0
54386781 1 0 0 0 0
54386804 0 0 1 0 0
54386819 0 0 0 0 0
54386823 0 0 1 0 0
54386825 0 0 0 0 0
54386827 1 0 0 0 0
54386833 0 0 0 0 0
54386866 2 0 1 13 0
54386868 0 0 0 0 0
54386893 0 0 0 0 0
54386941 0 0 0 0 0
54386957 0 1 0 0 0
54386985 0 0 0 0 0
54386991 0 0 0 0 0
54386993 0 0 0 0 0
54387000 0 0 0 0 0
54387014 3 0 0 0 0
54387016 0 0 0 0 0
54387028 0 0 0 0 0
54387044 0 2 1 23 0
54387107 7 0 0 0 0
54387117 26 0 0 0 0
54387141 0 0 0 0 0
54387163 0 0 0 0 0
54387171 0 0 0 0 0
54387180 0 1 0 0 0
54387181 1 0 0 32 0
54387191 0 0 1 0 0
54387195 3 0 1 0 0
54387202 1 0 0 0 0
54387204 35 0 0 0 0
54387205 1 0 0 0 0
54387213 0 0 0 0 0
54387214 0 1 0 90 44
54387215 0 0 0 0 0
54387246 62 0 0 0 0
54387252 0 0 0 0 0
54387275 5 0 0 0 0
54387297 0 0 0 0 0
54387304 0 0 0 0 0
54387308 0 0 0 0 0
54387321 0 0 0 0 0
54387324 0 0 0 29 0
54387330 2 0 0 0 0
54387337 0 0 0 0 0
54387346 0 0 0 0 0
54387379 0 1 0 4 1
54387384 10 0 0 0 0
54387390 0 0 0 0 0
54387391 21 0 0 0 0
54387392 241 0 1 0 0
54387399 1 0 0 0 0
54387400 0 0 0 0 0
54387447 0 0 0 0 0
54387449 0 0 0 0 0
54387455 4 0 0 0 0
54387460 0 0 0 0 0
54387473 0 0 0 0 0
54387485 0 0 0 0 0
54387506 352 0 1 8 0
54387517 23 0 0 0 0
54387526 0 0 0 0 0
54387545 0 0 0 0 0
54387556 0 0 0 0 0
54387558 0 0 0 0 0
54387567 0 0 0 0 0
54387570 0 0 0 0 0
54387592 0 3 1 543 55
54387593 0 0 0 0 0
54387651 28 0 0 0 0
54387667 0 0 1 0 0
54387684 0 0 0 0 0
54387710 0 0 0 0 0
54387726 0 0 0 0 0
54387745 0 0 0 0 0
54387750 0 0 0 0 0
54387760 0 0 0 0 0
54387778 0 0 0 0 0
54387796 139 0 0 0 0
54387806 0 0 0 0 0
54387845 0 0 0 0 0
54387869 0 0 0 0 0
54387875 0 0 0 0 0
54387886 0 0 0 0 0
54387899 0 0 1 0 8
54387904 0 0 1 96 1
54387911 0 0 0 0 0
54387916 0 0 0 0 0
54387962 0 0 0 0 0
54387970 0 0 1 0 0
54387988 0 0 0 0 0
54388015 0 0 1 0 0
54388077 0 0 0 0 0
54388091 0 0 0 0 0
54388127 0 0 0 0 0
54388131 0 0 0 0 0
54388207 0 0 0 0 0
54388209 0 0 0 0 0
54388232 0 0 0 0 0
54388238 0 0 0 0 0
54388282 0 0 0 0 0
54388299 21 0 0 0 0
54388320 0 0 0 0 0
54388325 2 0 0 0 0
54388327 0 0 0 0 0
54388330 0 0 0 0 0
54388331 8 0 0 4 0
54388335 12 0 0 0 0
54388353 0 0 0 0 0
54388366 20 1 0 78 0
54388375 0 0 0 0 0
54388405 0 0 0 0 0
54388407 0 0 0 0 0
54388421 0 0 0 0 0
54388438 0 0 0 0 0
54388451 3 0 0 0 0
54388460 0 0 0 0 0
54388466 0 0 0 0 0
54388481 0 0 0 0 0
54388483 0 0 0 0 0
54388504 0 0 0 0 0
54388505 0 0 0 0 0
54388524 0 2 1 158 0
54388529 0 0 0 0 0
54388542 0 0 0 0 0
54388548 0 0 0 0 0
54388564 0 0 0 0 0
54388605 0 1 0 7 0
54388621 0 0 0 0 0
54388657 0 0 0 0 0
54388701 0 0 1 0 0
54388707 0 0 0 0 0
54388721 0 0 0 0 0
54388726 486 0 1 0 0
54388727 0 0 0 0 0
54388739 0 0 1 0 0
54388741 0 0 0 0 0
54388757 3 0 0 0 0
54388765 0 0 1 0 0
54388770 0 3 1 8 11
54388774 79 0 0 0 0
54388775 1 0 0 0 0
54388776 0 0 0 0 0
54388792 0 0 0 0 0
54388800 0 0 0 0 0
54388809 0 0 0 0 0
54388813 0 0 0 0 0
54388835 0 0 0 0 0
54388836 0 1 1 3 1
54388837 0 0 0 0 0
54388863 0 0 0 0 0
54388866 0 0 0 0 0
54388877 0 0 0 0 0
54388891 39 0 0 0 0
54388919 0 1 0 0 1
54388930 0 0 0 0 0
54388931 0 0 0 0 0
54388956 0 0 0 0 0
54388965 5 0 0 0 0
54389022 427 0 1 0 0
54389069 22 0 0 0 0
54389075 0 0 0 0 0
54389085 0 0 0 0 0
54389087 0 0 1 0 0
54389102 10 0 0 0 0
54389109 0 0 0 0 0
54389149 74 0 0 0 0
54389151 0 0 0 0 0
54389153 7 0 0 0 0
54389166 0 1 1 3 0
54389174 0 0 0 0 0
54389178 0 1 1 70 5
54389185 94 2 1 1579 77
54389209 0 0 0 0 0
54389217 0 0 0 0 0
54389223 7 0 0 0 0
54389224 0 0 0 0 0
54389239 0 0 0 0 0
54389273 8 0 0 0 0
54389276 0 0 0 0 0
54389280 0 0 0 0 0
54389290 0 0 0 0 0
54389311 0 0 0 0 0
54389312 0 0 0 0 0
54389325 0 0 0 0 0
54389333 0 0 0 0 0
54389339 74 0 0 0 0
54389345 0 0 0 0 0
54389367 0 0 0 0 0
54389395 78 2 1 110 1
54389409 0 0 0 0 0
54389417 16 0 0 0 0
54389432 0 0 1 0 0
54389434 0 0 0 0 0
54389452 0 0 0 0 0
54389468 0 0 1 0 0
54389520 3 0 0 0 0
54389521 0 0 1 0 0
54389522 0 0 0 0 0
54389526 0 0 0 0 0
54389530 13 0 0 0 0
54389547 0 0 0 0 0
54389558 0 0 0 0 0
54389569 0 0 0 0 0
54389570 0 0 1 0 0
54389580 22 0 0 0 0
54389601 0 0 0 0 0
54389639 0 0 1 0 0
54389645 0 0 0 0 0
54389659 0 0 0 0 0
54389674 0 0 0 0 0
54389677 0 0 0 0 0
54389685 0 0 0 0 0
54389692 0 0 0 0 0
54389700 0 0 0 0 0
54389718 0 0 0 0 0
54389726 0 0 0 0 0
54389736 0 0 0 0 0
54389744 7 0 0 0 0
54389748 0 1 1 52 0
54389783 0 0 0 0 0
54389786 1 0 0 0 0
54389790 0 0 0 0 0
54389792 0 2 1 519 49
54389799 0 0 0 0 0
54389808 0 0 1 0 0
54389811 0 0 0 0 0
54389815 0 0 1 0 0
54389824 1 0 0 0 0
54389829 0 0 0 0 0
54389831 0 0 0 0 0
54389836 0 0 0 0 0
54389869 0 0 1 0 0
54389870 0 0 0 0 0
54389912 0 0 0 0 0
54389913 0 0 0 0 0
54389918 0 0 0 0 0
54389926 0 0 1 0 0
54389932 0 0 0 14 0
54389946 0 0 0 0 0
54389955 0 0 0 0 0
54389994 0 0 0 0 0
54389996 0 0 0 0 0
54390015 0 1 1 67 7
54390034 0 0 0 0 0
54390068 22 0 1 0 0
54390074 0 0 1 0 0
54390075 0 0 0 0 0
54390078 0 0 0 0 0
54390112 8 0 0 0 0
54390122 0 0 1 0 0
54390125 0 0 0 0 0
54390134 0 0 0 0 0
54390135 0 0 1 0 0
54390151 0 0 0 0 0
54390154 39 0 1 0 0
54390193 0 0 0 0 0
54390213 1 0 0 0 0
54390250 238 0 1 0 0
54390286 0 0 0 0 0
54390310 0 0 0 0 0
54390314 41 0 0 0 0
54390316 1 0 0 0 0
54390327 0 0 0 0 0
54390334 1 0 1 0 0
54390340 0 0 0 0 0
54390359 0 0 0 0 0
54390364 0 0 0 0 0
54390380 0 0 0 0 0
54390389 0 0 0 0 0
54390392 0 0 0 0 0
54390395 0 0 0 0 0
54390398 1 0 0 0 0
54390403 0 0 0 0 0
54390416 320 0 0 0 0
54390425 13 0 0 0 0
54390436 0 0 0 0 0
54390468 0 0 0 0 0
54390473 11 0 0 0 0
54390476 0 0 0 0 0
54390501 438 1 1 666 0
54390563 0 0 0 0 0
54390575 0 0 1 0 0
54390578 0 0 0 0 0
54390587 0 0 1 0 0
54390591 357 0 1 0 0
54390598 19 0 0 0 0
54390607 0 0 0 0 0
54390614 4 0 0 0 0
54390624 12 0 0 0 0
54390639 0 0 0 0 0
54390647 0 0 0 0 0
54390658 0 0 0 0 0
54390663 171 0 1 0 0
54390692 0 0 0 0 0
54390700 6 0 1 1 0
54390701 6 0 0 0 0
54390767 0 0 0 0 0
54390771 3 0 0 0 0
54390778 0 0 0 0 0
54390781 0 0 1 34 0
54390784 3 0 0 0 0
54390817 87 0 0 0 0
54390830 0 0 1 0 0
54390850 19 0 0 0 0
54390852 0 0 1 0 0
54390855 0 0 0 0 0
54390865 0 0 0 0 0
54390901 0 0 0 0 0
54390910 0 0 0 0 0
54390920 0 2 1 27 8
54390922 7 0 0 0 0
54390924 1 0 0 0 0
54390943 127 0 1 0 0
54390959 0 0 0 0 0
54391031 0 0 0 0 0
54391048 0 0 0 0 0
54391081 352 0 1 0 0
54391160 0 0 0 0 0
54391194 0 0 1 0 0
54391211 14 0 0 0 0
54391246 0 0 0 0 0
54391247 0 0 0 0 0
54391248 0 0 0 0 0
54391249 105 0 0 0 0
54391258 0 0 0 0 0
54391283 0 0 0 0 0
54391326 0 0 0 0 0
54391350 19 0 0 0 0
54391363 153 0 1 0 0
54391391 3 0 0 0 0
54391410 0 0 1 0 0
54391418 218 0 1 0 0
54391433 0 0 0 0 0
54391443 29 0 0 0 0
54391450 0 0 0 0 0
54391461 0 0 0 0 0
54391489 165 0 0 0 0
54391531 0 0 0 0 0
54391541 0 0 1 0 0
54391588 2 0 0 0 0
54391621 0 4 0 2 1
54391631 0 0 0 0 0
54391638 0 4 1 14 3
54391639 0 0 0 0 0
54391642 0 0 0 0 0
54391677 0 0 0 0 0
54391712 7 0 0 0 0
54391720 0 0 0 0 0
54391724 0 0 0 0 0
54391760 0 0 0 0 0
54391787 4 0 1 0 0
54391792 0 0 0 0 0
54391821 0 0 0 0 0
54391826 0 0 0 0 0
54391827 8 0 0 0 0
54391838 0 0 0 0 0
54391857 0 0 0 0 0
54391902 0 0 0 0 0
54391909 0 0 0 0 0
54391914 0 0 0 0 0
54391925 26 0 0 0 0
54391932 0 0 0 0 0
54391960 0 0 0 0 0
54391963 0 0 0 0 0
54391973 0 0 1 0 0
54391981 0 0 0 0 0
54392010 0 0 0 0 0
54392021 0 0 0 0 0
54392024 0 0 0 0 0
54392038 0 0 0 0 0
54392096 0 0 0 0 0
54392100 1 0 0 0 0
54392106 0 0 1 0 0
54392119 0 0 1 0 0
54392128 0 0 0 0 0
54392149 0 0 0 0 0
54392167 0 0 0 0 0
54392174 0 0 0 0 0
54392180 5 0 0 0 0
54392182 0 0 0 0 0
54392192 0 0 1 0 0
54392225 0 0 1 0 0
54392230 0 0 0 0 0
54392234 0 0 0 0 0
54392236 29 2 1 1143 136
54392268 0 0 1 0 0
54392269 0 0 0 0 0
54392283 11 0 0 0 0
54392297 0 0 0 0 0
54392325 56 0 0 8 0
54392326 0 0 0 0 0
54392344 430 0 1 0 0
54392396 0 0 1 0 0
54392427 0 0 0 0 0
54392431 1 0 0 0 0
54392444 0 0 0 0 0
54392449 0 0 0 0 0
54392460 0 0 0 0 0
54392461 0 0 0 0 0
54392470 0 4 1 0 0
54392476 1 1 0 371 1
54392519 2 0 0 0 0
54392533 0 0 0 0 0
54392546 6 0 0 0 0
54392547 12 2 1 2078 7
54392559 20 0 0 0 0
54392582 0 0 0 0 0
54392590 0 0 0 0 0
54392656 0 0 0 0 0
54392672 21 0 0 0 0
54392715 0 0 0 0 0
54392727 0 0 0 0 0
54392735 0 2 1 0 0
54392738 0 0 0 0 0
54392749 1 0 0 0 0
54392753 0 4 1 0 1
54392765 0 0 0 0 0
54392773 0 0 0 0 0
54392840 0 0 0 0 0
54392850 0 4 1 106 14
54392884 8 0 0 0 0
54392909 63 0 0 0 0
54392910 0 0 0 0 0
54392914 20 0 0 0 0
54392935 0 0 1 0 0
54392947 7 0 0 0 0
54392968 0 0 0 0 0
54392973 0 0 0 0 0
54392974 7 0 1 0 0
54393017 0 1 0 0 1
54393021 0 0 0 0 0
54393030 0 3 1 412 4
54393048 0 0 0 0 0
54393096 0 0 0 0 0
54393118 0 0 0 0 0
54393184 0 0 0 0 0
54393212 0 0 0 0 0
54393219 0 0 0 0 0
54393225 0 0 1 0 0
54393227 23 0 0 0 0
54393275 0 0 0 0 0
54393297 0 0 0 0 0
54393298 26 1 1 99 0
54393302 0 0 0 0 0
54393334 0 0 0 0 0
54393351 24 0 1 0 0
54393359 0 0 0 0 0
54393373 0 0 0 0 0
54393384 0 0 0 0 0
54393385 0 0 0 0 0
54393394 870 0 1 1 0
54393431 0 0 0 0 0
54393462 0 0 0 0 0
54393465 556 0 1 0 0
54393470 0 0 1 0 0
54393473 0 0 0 0 0
54393495 0 0 0 0 0
54393528 0 0 0 0 0
54393531 0 0 1 0 0
54393539 31 0 0 0 0
54393569 127 3 1 180 20
54393600 0 0 0 0 0
54393617 0 0 1 0 0
54393640 91 0 0 0 0
54393670 0 0 1 0 0
54393697 0 0 0 0 0
54393709 0 0 0 0 0
54393776 0 0 0 0 0
54393778 0 2 1 0 6
54393800 0 0 0 0 0
54393811 0 0 0 0 0
54393814 0 0 0 0 0
54393870 0 0 1 0 0
54393893 9 0 1 14 0
54393898 0 0 0 0 0
54393909 256 0 0 0 0
54393914 21 0 0 0 0
54393917 0 0 0 0 0
54393928 0 1 0 1 2
54393932 3 0 0 0 0
54393946 0 0 0 0 0
54393994 0 0 0 0 0
54393996 69 1 0 0 0
54394010 0 0 0 0 0
54394051 0 1 0 0 0
54394082 0 0 0 0 0
54394140 0 0 0 0 0
54394176 0 0 0 0 0
54394188 0 0 1 0 0
54394197 14 0 0 0 0
54394211 0 0 0 0 0
54394224 0 0 0 0 0
54394230 429 0 1 0 0
54394238 137 0 1 9 12
54394272 2 0 0 0 0
54394338 0 0 0 0 0
54394400 0 0 0 0 0
54394411 0 1 0 4 1
54394417 0 0 1 0 0
54394429 4 0 0 0 0
54394430 0 0 0 0 0
54394436 0 0 0 0 0
54394463 0 0 0 0 0
54394472 0 4 1 1 7
54394489 3 0 0 0 0
54394493 0 0 0 0 0
54394515 0 2 0 2 1
54394516 0 0 0 0 0
54394525 10 0 1 0 3
54394540 0 0 0 0 0
54394550 0 0 0 0 0
54394613 46 0 1 0 0
54394634 184 0 1 0 0
54394679 1 0 0 0 0
54394690 0 0 0 0 0
54394700 0 0 0 0 0
54394709 0 0 0 0 0
54394755 0 0 0 0 0
54394765 0 0 0 0 0
54394780 17 0 0 0 0
54394811 0 2 1 1 3
54394831 6 0 0 0 0
54394842 24 0 0 0 0
54394846 0 0 0 0 0
54394851 0 0 0 0 0
54394864 0 0 0 0 0
54394865 6 0 1 31 0
54394872 90 0 0 0 0
54394875 0 0 0 0 0
54394885 0 0 0 0 0
54394895 0 0 0 0 0
54394907 47 0 0 1 0
54394918 8 0 0 0 0
54394957 0 0 0 0 0
54394961 0 0 0 0 0
54394971 0 1 1 0 1
54394975 0 0 0 0 0
54394982 0 0 0 0 0
54394985 0 0 1 0 0
54395005 11 0 0 0 0
54395026 975 3 1 67 6
54395039 0 1 0 0 0
54395043 0 2 1 0 0
54395067 0 0 0 0 0
54395103 0 0 0 0 0
54395118 0 0 0 0 0
54395129 0 0 0 0 0
54395135 15 0 0 0 0
54395147 10 1 1 0 0
54395150 0 0 0 0 0
54395171 28 0 1 0 0
54395204 0 0 0 0 0
54395272 0 4 0 3 6
54395288 0 0 0 0 0
54395289 0 0 0 0 0
54395309 0 1 0 0 0
54395310 0 0 0 0 0
54395330 0 0 0 0 0
54395364 0 0 1 0 0
54395369 0 0 0 0 0
54395403 0 0 0 0 0
54395440 15 0 0 0 0
54395455 0 0 0 0 0
54395473 0 0 0 0 0
54395481 0 0 0 0 0
54395493 0 0 0 0 0
54395532 0 4 1 221 8
54395557 0 1 1 0 1
54395599 0 0 0 0 0
54395606 0 0 0 0 0
54395627 0 0 0 0 0
54395643 0 0 0 0 0
54395651 0 0 0 0 0
54395669 0 1 0 0 20
54395673 0 0 0 0 0
54395764 0 0 0 0 0
54395765 47 0 1 92 0
54395795 0 0 0 0 0
54395848 0 0 0 0 0
54395862 0 0 0 0 0
54395947 0 0 0 0 0
54395953 13 1 1 29 0
54395989 3 0 0 0 0
54396027 0 0 0 0 0
54396041 26 0 0 0 0
54396061 2 0 0 0 0
54396069 0 0 0 0 0
54396089 16 0 1 0 0
54396114 0 0 0 0 0
54396117 0 0 0 0 0
54396155 10 0 0 0 0
54396183 16 0 1 27 2
54396185 0 0 0 0 0
54396253 0 0 0 0 0
54396260 0 3 0 10 3
54396282 0 0 0 0 0
54396283 0 0 1 0 0
54396289 0 0 0 0 0
54396311 0 0 0 0 0
54396349 0 0 0 0 0
54396357 0 2 0 1 2
54396383 0 0 0 0 0
54396388 4 0 1 0 0
54396423 0 0 0 0 0
54396430 0 0 0 0 0
54396431 0 0 1 0 0
54396462 0 0 0 0 0
54396466 0 0 0 0 0
54396485 0 1 0 0 0
54396526 0 0 0 0 0
54396532 0 0 0 0 0
54396550 0 0 0 0 0
54396552 0 0 0 0 0
54396558 0 0 0 0 0
54396583 0 0 0 0 0
54396629 0 0 1 0 0
54396645 7 1 1 0 0
54396666 0 0 0 0 0
54396681 16 0 1 0 0
54396698 2 1 0 0 0
54396730 0 1 0 20 1
54396747 21 0 0 0 0
54396772 12 0 0 0 0
54396832 14 0 0 0 0
54396900 0 0 0 0 0
54396944 0 0 0 0 0
54396956 0 1 0 0 1
54396958 0 0 0 0 0
54396968 2 0 1 0 0
54397020 0 0 0 0 0
54397085 0 1 0 0 0
54397094 0 1 0 53 71
54397101 0 0 0 0 0
54397117 64 1 1 177 112
54397138 0 0 0 0 0
54397140 0 0 0 0 0
54397187 0 0 0 0 0
54397191 35 0 0 1 0
54397198 0 0 1 0 0
54397206 0 0 1 0 0
54397221 0 0 0 0 0
54397269 0 0 0 0 0
54397290 34 0 0 0 0
54397345 0 0 0 0 0
54397410 0 0 0 0 0
54397416 0 0 0 0 0
54397554 0 0 0 0 0
54397569 0 0 0 0 0
54397578 16 0 1 137 74
54397590 0 0 0 0 0
54397622 5 1 0 1 0
54397680 69 0 1 52 0
54397687 0 2 1 35 0
54397736 0 0 0 0 0
54397738 8 0 0 0 0
54397752 0 0 0 0 0
54397770 0 0 0 0 0
54397796 0 0 0 0 0
54397811 0 0 0 0 0
54397814 14 0 1 0 0
54397862 7 0 0 0 0
54397865 0 0 0 0 0
54397866 0 0 1 0 0
54397887 0 0 1 2 0
54397903 0 0 0 0 0
54397918 0 0 0 0 0
54397924 0 0 0 0 0
54397933 0 1 0 0 1
54397946 29 0 0 0 0
54397951 0 1 1 65 1
54397962 0 0 1 0 0
54397992 0 0 0 0 0
54398003 18 0 1 0 0
54398009 95 0 0 0 0
54398028 0 0 0 0 0
54398045 0 0 0 0 0
54398064 0 0 0 0 0
54398072 20 0 0 0 0
54398079 0 0 1 0 0
54398084 0 0 0 0 0
54398095 0 0 0 0 0
54398111 0 0 0 0 0
54398135 0 0 0 0 0
54398143 365 0 1 0 0
54398161 0 0 0 0 0
54398165 0 1 0 0 2
54398177 0 0 1 0 0
54398195 0 0 0 0 0
54398223 0 0 0 0 0
54398275 0 0 0 0 0
54398276 28 0 0 0 0
54398289 0 0 0 0 0
54398290 14 0 0 0 0
54398325 0 0 0 0 0
54398364 0 0 0 0 0
54398365 0 0 0 0 0
54398377 0 0 0 0 0
54398404 0 0 0 0 0
54398409 0 0 0 0 0
54398424 0 0 0 0 0
54398443 212 0 1 0 0
54398447 42 0 0 0 0
54398456 13 0 1 0 0
54398484 0 0 0 0 0
54398526 0 0 0 18 0
54398548 0 0 0 0 0
54398580 0 2 1 35 22
54398631 0 1 0 0 1
54398654 0 0 0 0 0
54398657 0 0 0 0 0
54398688 0 0 0 0 0
54398735 0 0 0 0 0
54398752 221 0 0 0 0
54398757 2 0 0 0 0
54398759 0 0 0 0 0
54398831 0 0 0 0 0
54398866 0 0 0 0 0
54398909 0 0 0 0 0
54398928 0 0 0 0 0
54398963 0 0 0 0 0
54398969 0 1 0 0 0
54398979 0 4 1 66 55
54399107 0 0 0 0 0
54399128 0 0 0 0 0
54399140 0 0 0 0 0
54399147 0 0 0 0 0
54399155 2385 0 1 7 0
54399174 0 0 0 0 0
54399219 10 1 1 0 0
54399226 0 0 1 0 0
54399255 0 0 1 0 0
54399265 0 0 0 0 0
54399288 4 0 0 0 0
54399317 1 0 0 0 0
54399326 0 0 0 0 0
54399353 38 0 1 0 0
54399355 0 2 1 48 2
54399357 0 1 1 7 56
54399358 61 0 1 0 0
54399363 0 0 0 0 0
54399367 0 0 0 0 0
54399376 0 0 1 0 0
54399380 0 0 0 0 0
54399395 14 0 1 0 0
54399402 0 3 1 0 1
54399417 0 0 0 0 0
54399420 0 0 0 0 0
54399426 0 3 1 873 502
54399451 0 0 0 0 0
54399456 0 0 0 0 0
54399503 0 0 0 0 0
54399508 0 1 1 0 0
54399515 0 0 0 0 0
54399576 0 0 0 0 0
54399630 4 0 0 0 0
54399689 0 4 1 1163 37
54399690 0 0 0 0 0
54399716 0 0 0 0 0
54399774 0 0 0 0 0
54399841 1 0 0 0 0
54399857 0 0 0 0 0
54399859 0 0 0 0 0
54400009 0 0 0 0 0
54400050 0 0 0 0 0
54400075 0 0 1 0 0
54400077 0 0 0 0 0
54400086 0 0 1 0 0
54400111 0 0 0 0 0
54400152 0 0 0 0 0
54400205 0 0 0 0 0
54400274 0 0 1 0 0
54400347 0 0 0 0 0
54400399 530 1 1 1 0
54400418 1131 0 0 1 0
54400474 0 0 0 0 0
54400524 0 0 1 0 0
54400538 0 0 0 0 0
54400541 8 0 0 0 0
54400567 7 0 1 0 0
54400601 0 0 0 0 0
54400624 0 0 1 0 0
54400670 0 0 0 0 0
54400671 0 0 0 0 0
54400723 136 4 1 375 143
54400724 0 0 0 0 0
54400795 0 4 1 0 1
54400843 2 0 1 4 3
54400871 0 0 0 0 0
54400874 0 0 0 0 0
54400922 0 4 1 3777 238
54400926 0 0 0 0 0
54400936 0 0 0 0 0
54401049 0 0 0 0 0
54401065 28 0 1 0 0
54401072 0 0 0 0 0
54401093 0 0 0 0 0
54401137 0 0 0 0 0
54401244 3 0 0 0 0
54401265 1 0 0 0 0
54401273 8 0 0 0 0
54401296 0 0 0 0 0
54401299 0 0 0 0 0
54401319 51 0 1 0 0
54401336 250 1 1 0 0
54401344 0 0 1 0 0
54401362 0 0 0 0 0
54401377 0 0 0 0 0
54401428 0 0 0 0 0
54401466 3 0 0 0 0
54401484 0 0 0 0 0
54401502 0 0 0 0 0
54401508 0 0 0 0 0
54401512 0 0 0 0 0
54401514 0 0 0 0 0
54401519 0 0 0 0 0
54401540 7 0 1 0 0
54401548 0 0 0 0 0
54401565 0 0 0 0 0
54401583 0 0 0 0 0
54401593 0 0 0 0 0
54401613 0 0 0 0 0
54401637 2 0 0 0 0
54401644 0 0 0 0 0
54401695 0 0 0 0 0
54401702 0 0 0 0 0
54401725 0 0 0 0 0
54401771 180 0 0 0 0
54401776 0 0 0 0 0
54401788 0 0 0 0 0
54401789 0 0 0 0 0
54401802 0 0 1 0 0
54401809 0 0 0 0 0
54401836 58 0 0 0 0
54401899 0 0 0 0 0
54401930 0 0 0 0 0
54401949 0 0 0 0 0
54401968 4 0 1 9 0
54401987 0 0 0 0 0
54402152 20 0 0 0 0
54402179 0 1 0 0 1
54402190 1 0 0 0 0
54402212 0 0 0 0 0
54402238 0 1 0 0 0
54402249 0 0 0 0 0
54402257 0 0 0 0 0
54402265 225 0 1 0 0
54402283 14 0 0 0 0
54402323 0 0 0 0 0
54402325 0 0 0 0 0
54402333 0 0 0 0 0
54402347 0 1 0 0 0
54402366 6 0 0 0 0
54402399 294 0 1 0 0
54402400 5 0 0 0 0
54402403 1 0 0 0 0
54402436 0 0 0 0 0
54402455 0 0 0 0 0
54402465 0 0 1 0 0
54402514 0 0 0 0 0
54402615 0 0 0 0 0
54402623 0 0 0 0 0
54402661 0 0 1 0 0
54402685 0 0 0 0 0
54402687 0 0 0 0 0
54402731 0 0 0 0 0
54402800 18 2 0 3 1
54402820 359 0 1 0 0
54402861 0 0 0 0 0
54402909 0 0 0 0 0
54402938 0 0 0 0 0
54402944 0 0 0 0 0
54402951 16 0 0 0 0
54402995 0 1 0 1 0
54402996 1 0 0 0 0
54402998 3 0 1 0 0
54403040 265 0 1 0 0
54403044 0 1 0 32 29
54403124 0 0 1 0 0
54403131 0 1 0 2 0
54403136 0 0 0 0 0
54403157 0 2 1 0 2
54403158 0 0 0 0 0
54403161 353 0 0 0 0
54403171 0 0 0 0 0
54403182 3 0 0 0 0
54403202 0 0 0 0 0
54403256 832 2 1 231 1
54403270 0 0 0 0 0
54403292 1 0 0 0 0
54403313 0 0 0 0 0
54403463 22 0 1 0 0
54403465 0 4 1 0 57
54403479 0 0 1 0 0
54403481 0 0 0 0 0
54403505 0 4 1 0 17
54403511 2 0 0 0 0
54403545 355 0 1 0 1
54403636 196 0 1 157 0
54403662 0 0 1 0 0
54403681 0 0 0 0 0
54403682 1 0 0 0 0
54403712 0 2 1 2 1
54403720 0 0 0 0 0
54403735 5 0 0 0 0
54403743 0 0 0 0 0
54403826 0 0 0 0 0
54403846 0 0 0 0 0
54403867 0 0 0 0 0
54403952 21 0 1 0 0
54403986 0 2 0 1267 4
54404020 139 0 0 0 0
54404030 0 0 0 0 0
54404067 3 0 0 0 0
54404074 0 0 0 0 0
54404132 3 0 0 0 0
54404146 52 0 1 0 0
54404192 29 0 0 0 0
54404277 0 0 1 0 0
54404355 0 2 0 0 0
54404385 0 0 0 0 0
54404388 0 0 0 0 0
54404420 64 0 0 0 0
54404429 6 0 0 0 0
54404436 0 2 0 0 0
54404451 44 0 1 34 0
54404493 0 0 0 0 0
54404497 0 0 0 0 0
54404503 0 0 0 0 0
54404509 0 0 0 0 0
54404514 583 0 1 0 0
54404520 0 0 1 0 0
54404522 0 0 0 0 0
54404526 0 0 0 0 0
54404528 0 0 0 0 0
54404546 1 0 0 0 0
54404547 0 0 0 0 0
54404580 0 0 1 0 0
54404582 0 0 0 0 0
54404620 0 0 0 0 0
54404647 0 0 0 0 0
54404686 0 1 1 0 0
54404688 0 0 0 0 0
54404695 0 0 0 0 0
54404705 0 0 0 0 0
54404718 0 0 0 0 0
54404720 0 0 0 0 0
54404753 0 0 1 0 0
54404776 3 0 0 0 0
54404831 0 0 0 0 0
54404839 0 0 1 0 0
54404853 0 0 1 0 0
54404993 0 0 0 0 0
54405007 0 0 1 0 0
54405047 0 0 0 0 0
54405073 0 0 0 0 0
54405084 0 0 0 0 0
54405100 14 0 1 195 85
54405171 115 0 1 82 1
54405202 77 0 1 0 0
54405215 0 0 0 0 0
54405221 0 0 0 0 0
54405233 42 0 1 0 0
54405241 0 0 0 0 0
54405266 0 0 0 0 0
54405294 0 0 0 0 0
54405339 0 0 1 117 18
54405352 0 0 0 0 0
54405367 7 0 0 0 0
54405386 0 0 0 0 0
54405398 0 0 0 0 0
54405507 0 0 0 0 0
54405509 0 0 1 0 0
54405523 249 1 0 811 1
54405536 357 0 1 0 0
54405593 44 1 1 0 0
54405596 0 0 0 0 0
54405597 0 0 0 0 0
54405603 0 0 0 0 0
54405609 0 0 0 0 0
54405612 1 0 0 0 0
54405614 0 0 0 0 0
54405709 0 0 1 0 0
54405720 2 0 0 0 0
54405730 0 0 0 0 0
54405731 0 0 0 0 0
54405735 0 0 1 0 0
54405781 154 0 1 2 0
54405792 37 0 1 0 0
54405864 0 0 0 0 0
54405877 47 0 0 0 0
54405948 0 0 0 0 0
54405968 0 0 0 0 0
54405999 5 0 0 0 0
54406026 0 0 0 0 0
54406044 0 0 1 0 0
54406049 0 0 0 0 0
54406051 0 0 0 0 0
54406081 0 0 0 0 0
54406106 0 0 0 0 0
54406118 0 0 0 0 0
54406145 0 0 0 0 0
54406198 0 0 0 0 0
54406204 0 0 0 0 0
54406207 0 0 0 0 0
54406238 4 0 0 0 0
54406251 117 0 0 0 0
54406257 0 2 0 0 0
54406279 0 0 0 0 0
54406285 0 0 0 0 0
54406293 0 0 0 0 0
54406297 0 0 0 0 0
54406342 149 1 0 0 0
54406360 0 1 0 0 0
54406384 0 0 0 0 0
54406404 0 2 1 120 10
54406424 0 0 0 0 0
54406430 29 1 0 0 0
54406486 0 4 1 1541 264
54406494 0 0 0 0 0
54406513 0 0 0 0 0
54406524 47 0 0 11 0
54406533 0 1 1 0 0
54406552 0 4 1 0 104
54406553 0 3 1 0 4
54406586 0 0 0 0 0
54406610 0 0 1 0 0
54406635 0 0 0 0 0
54406646 0 0 0 0 0
54406647 0 1 1 104 4
54406682 0 4 1 9968 115
54406721 0 0 0 0 0
54406738 0 0 0 0 0
54406745 0 0 0 0 0
54406758 0 0 0 0 0
54406780 0 0 0 0 0
54406783 9 1 1 0 0
54406855 2 0 1 0 0
54406884 0 1 0 0 0
54406894 0 0 0 0 0
54406981 0 0 0 0 0
54406992 0 0 0 0 0
54406995 0 0 0 0 0
54407000 2 0 1 1 0
54407009 0 0 0 0 0
54407033 0 0 0 0 0
54407038 2 0 0 0 0
54407043 0 0 1 0 0
54407064 0 0 0 0 0
54407087 0 0 0 0 0
54407090 0 0 0 0 0
54407092 6 0 0 0 0
54407124 164 1 1 1 4
54407182 32 0 0 0 0
54407197 0 0 0 0 0
54407224 0 0 0 0 0
54407286 0 1 0 0 1
54407319 0 0 0 0 0
54407326 0 1 1 0 55
54407351 31 0 1 40 0
54407411 43 0 0 10 0
54407431 20 0 1 0 0
54407434 0 0 0 0 0
54407437 0 0 0 0 0
54407456 146 1 1 130 1
54407484 0 3 1 8 1
54407562 0 0 1 0 0
54407571 0 0 0 0 0
54407618 46 0 1 36 0
54407667 189 0 1 0 0
54407769 0 0 0 0 0
54407796 0 0 1 0 0
54407837 0 3 1 0 96
54407846 1 0 1 0 0
54407853 1 0 1 0 0
54407864 0 0 0 0 0
54407890 0 0 1 0 0
54407892 301 0 1 673 29
54407916 0 0 0 17 0
54407957 0 0 0 0 0
54407974 0 0 0 0 0
54408004 0 0 0 0 0
54408030 0 2 1 1 2
54408031 0 2 1 3 4
54408039 56 0 1 0 0
54408061 4 0 1 0 0
54408086 0 0 0 0 0
54408087 0 0 0 0 0
54408093 0 4 1 0 176
54408115 0 0 0 0 0
54408145 0 0 1 0 0
54408176 0 0 0 0 0
54408177 0 0 1 0 0
54408247 279 0 0 0 0
54408261 70 0 1 0 0
54408321 0 1 0 0 0
54408354 0 0 1 0 0
54408358 0 0 1 0 0
54408371 0 4 1 222 16
54408372 84 0 0 0 0
54408382 0 0 0 0 0
54408383 0 0 0 0 0
54408396 0 0 0 0 0
54408427 3 0 0 0 0
54408428 0 0 1 0 0
54408429 0 0 0 0 0
54408441 0 0 0 0 0
54408541 148 0 1 95 0
54408576 0 0 0 0 0
54408595 0 0 0 0 0
54408602 35 0 0 0 0
54408612 0 1 0 0 3
54408631 0 0 0 0 0
54408696 0 0 0 0 0
54408727 0 0 0 0 0
54408770 0 0 0 0 0
54408788 0 1 1 1 1
54408824 8 0 1 0 0
54408865 0 0 0 0 0
54408900 20 0 1 0 0
54408914 0 0 0 0 0
54408921 16 2 0 0 3
54408982 0 0 0 0 0
54409016 0 0 0 0 0
54409017 61 0 0 0 0
54409024 0 0 0 0 0
54409044 11 0 1 0 0
54409062 0 1 0 1 2
54409086 0 0 0 0 0
54409101 1 0 0 0 0
54409135 11 3 1 1080 144
54409233 0 0 0 0 0
54409288 0 0 0 0 0
54409291 0 0 0 0 0
54409330 8 0 1 0 0
54409337 0 0 0 0 0
54409339 0 0 0 0 0
54409388 0 0 0 0 0
54409442 2 0 1 0 0
54409447 0 0 0 0 0
54409460 0 0 0 0 0
54409502 0 0 0 0 0
54409540 0 0 0 0 0
54409593 0 0 0 0 0
54409626 0 0 0 0 0
54409641 4 0 0 0 0
54409647 0 0 0 0 0
54409649 0 0 0 0 0
54409654 0 0 0 0 0
54409674 70 1 0 2 0
54409705 0 2 0 0 0
54409723 0 0 0 0 0
54409779 0 0 0 0 0
54409837 12 0 1 0 0
54409845 0 0 0 0 0
54409861 0 0 0 0 0
54409863 1 0 0 0 0
54409868 0 0 0 0 0
54409905 1 4 1 58 42
54409906 0 0 0 0 0
54409907 0 2 0 0 2
54409917 0 0 0 0 0
54409918 0 0 0 0 0
54409942 0 0 1 0 0
54409946 10 0 0 0 0
54409975 281 0 0 0 0
54410000 0 0 0 0 0
54410070 2 0 0 0 0
54410147 0 0 0 0 0
54410216 0 0 0 0 0
54410238 0 0 0 0 0
54410247 0 0 0 0 0
54410360 0 0 0 0 0
54410389 0 0 0 0 0
54410395 0 0 0 0 0
54410422 28 0 0 0 0
54410429 0 0 0 0 0
54410476 0 0 0 0 0
54410483 22 2 1 41 0
54410555 0 0 0 0 0
54410575 2730 1 1 0 0
54410588 0 0 0 0 0
54410589 4 0 0 0 0
54410634 0 0 0 0 0
54410653 16 0 0 0 0
54410677 0 0 0 0 0
54410703 0 0 0 0 0
54410742 0 0 0 0 0
54410767 1 2 0 0 0
54410791 0 0 0 0 0
54410797 0 1 0 0 1
54410862 283 0 0 0 0
54410937 0 2 0 0 0
54410970 0 0 0 0 0
54410982 0 0 0 0 0
54410993 0 0 0 0 0
54411021 0 0 0 0 0
54411027 0 0 1 0 0
54411050 676 0 0 0 0
54411131 83 0 1 0 0
54411141 0 0 0 0 0
54411195 0 0 0 0 0
54411225 0 0 0 0 0
54411272 16 0 1 0 0
54411298 0 0 0 0 0
54411329 18 0 0 0 0
54411356 0 0 0 0 0
54411374 4 0 0 0 0
54411435 7 0 0 0 0
54411458 0 0 0 0 0
54411501 0 0 0 0 0
54411511 0 0 0 0 0
54411630 0 0 0 0 0
54411637 0 1 1 114 0
54411688 0 0 0 0 0
54411740 0 4 1 410 49
54411760 0 0 0 0 0
54411790 5 0 0 0 0
54411805 0 0 1 0 0
54411862 0 0 0 0 0
54411869 0 0 1 2 1
54411909 10 0 1 8 0
54411925 0 0 0 0 0
54411929 146 0 1 0 0
54411950 460 0 1 0 0
54411964 0 1 0 0 1
54411973 80 0 0 0 0
54412014 4 0 0 0 0
54412081 7 0 0 0 0
54412088 0 0 0 0 0
54412184 0 0 0 0 0
54412189 0 0 1 0 0
54412250 0 0 0 0 0
54412294 0 0 0 0 0
54412332 0 0 0 0 0
54412354 0 0 0 0 0
54412372 0 0 0 0 0
54412383 0 0 1 0 0
54412400 166 0 1 0 0
54412406 0 2 1 10 0
54412432 14 0 0 0 0
54412455 4 0 0 0 0
54412456 0 0 0 0 0
54412465 1 0 0 0 0
54412487 3 0 1 0 0
54412509 0 0 0 0 0
54412515 4 0 0 0 0
54412535 10 0 0 0 0
54412570 0 0 0 0 0
54412571 0 0 0 0 0
54412623 0 0 0 0 0
54412687 0 0 0 0 0
54412723 6 0 0 0 0
54412728 0 2 1 15 0
54412748 0 0 0 0 0
54412751 0 0 0 0 0
54412758 0 0 0 0 0
54412797 0 0 0 0 0
54412830 0 0 0 0 0
54412846 0 4 1 0 1
54412878 0 1 1 0 1
54413005 0 0 0 0 0
54413012 0 0 0 0 0
54413023 0 0 0 0 0
54413068 0 0 0 0 0
54413114 0 0 0 0 0
54413119 0 0 0 0 0
54413178 1 0 0 0 0
54413201 15 0 0 0 0
54413237 1 0 0 0 0
54413240 0 1 1 2 1
54413264 0 0 0 0 0
54413268 0 4 1 23 11
54413271 120 4 1 620 933
54413295 0 0 1 0 0
54413389 1 0 0 0 0
54413396 0 0 0 0 0
54413413 0 1 0 10 0
54413503 0 0 0 0 0
54413505 0 0 0 0 0
54413507 0 0 0 0 0
54413514 51 4 1 41822 280
54413532 0 0 1 0 0
54413588 0 0 0 0 0
54413665 17 0 0 0 0
54413733 48 0 0 0 0
54413749 75 0 0 0 0
54413788 0 0 0 0 0
54413801 0 0 0 0 0
54413817 15 0 0 5 0
54413818 0 0 0 0 0
54413823 0 0 0 0 0
54413825 4 0 1 0 0
54413846 0 1 0 0 92
54413853 595 0 1 0 2
54413876 0 0 0 0 0
54413885 0 0 0 0 0
54413886 0 0 0 0 0
54413909 0 0 0 0 0
54413957 0 0 0 0 0
54414034 937 2 1 1270 31
54414047 0 0 0 0 0
54414061 0 0 0 0 0
54414065 0 0 1 0 0
54414131 0 0 0 0 0
54414158 16 2 1 461 19
54414162 0 0 0 0 0
54414255 0 1 0 0 0
54414282 0 1 0 54 39
54414287 0 0 0 0 0
54414293 0 0 1 0 0
54414299 0 0 1 0 0
54414300 110 0 0 0 0
54414309 0 3 0 2 12
54414357 0 0 1 1 0
54414498 0 0 0 0 0
54414525 0 0 0 0 0
54414563 0 0 0 0 0
54414598 0 0 0 0 0
54414610 59 0 0 0 0
54414632 27 0 0 0 0
54414646 0 0 0 0 0
54414658 0 0 0 0 0
54414665 0 0 0 0 0
54414721 0 1 1 0 0
54414798 3 0 0 0 0
54414808 0 0 0 0 0
54414844 0 0 0 0 0
54414872 0 0 0 0 0
54414902 321 0 0 0 0
54414929 0 0 0 0 0
54414947 0 2 1 1 2
54414973 15 0 0 0 0
54414983 0 4 1 439 49
54414987 0 0 0 0 0
54414997 0 0 0 0 0
54415041 180 0 0 0 0
54415042 0 0 0 0 0
54415043 0 4 1 18 35
54415064 0 0 0 0 0
54415105 0 0 0 0 0
54415115 0 0 0 0 0
54415168 152 0 0 0 0
54415183 0 0 0 0 0
54415186 0 0 0 0 0
54415198 0 1 0 0 0
54415209 0 1 0 0 0
54415248 0 1 0 1 1
54415251 10 0 1 0 0
54415276 0 0 0 0 0
54415283 5 0 0 0 0
54415314 0 0 0 0 0
54415404 31 0 0 0 0
54415441 24 0 0 0 0
54415462 0 3 1 413 1025
54415480 2 4 1 29 11
54415492 0 0 0 0 0
54415553 23 0 1 0 0
54415557 16 0 0 0 0
54415607 0 3 1 243 16
54415618 0 0 0 0 0
54415640 173 2 1 580 33
54415642 209 4 1 8 14
54415683 0 0 0 0 0
54415694 0 0 0 0 0
54415714 1629 0 1 0 0
54415742 10 0 0 7 0
54415762 0 0 0 0 0
54415771 27 1 1 1 0
54415786 0 0 0 0 0
54415828 0 0 0 0 0
54415832 0 0 0 0 0
54415868 0 0 0 0 0
54415907 0 0 0 0 0
54415960 0 0 0 0 0
54416024 0 0 0 0 0
54416045 0 0 0 0 0
54416062 18 0 0 0 0
54416082 0 0 0 0 0
54416119 0 0 0 0 0
54416120 0 0 0 0 0
54416172 830 0 0 0 0
54416177 0 0 0 0 0
54416225 0 4 0 416 150
54416234 12 0 1 0 0
54416294 0 0 0 0 0
54416317 0 0 0 0 0
54416350 0 0 0 0 0
54416356 0 0 0 0 0
54416386 0 0 0 0 0
54416417 0 2 0 0 2
54416446 0 3 1 18 1
54416457 0 0 1 0 0
54416490 0 4 1 0 1
54416508 0 0 0 0 0
54416542 0 0 0 0 0
54416565 36 0 1 0 0
54416567 0 0 0 0 0
54416575 1 0 0 0 0
54416597 47 0 0 0 0
54416602 78 0 1 20 0
54416688 0 0 0 0 0
54416702 0 0 0 0 0
54416733 732 1 1 1353 3
54416833 17 0 0 0 0
54416865 0 0 0 0 0
54417044 33 0 1 0 0
54417086 0 0 0 0 0
54417093 2 0 0 0 0
54417102 0 2 1 23 137
54417123 0 0 0 0 0
54417132 0 0 0 0 0
54417141 0 0 0 0 0
54417145 0 0 0 0 0
54417240 5 0 0 0 0
54417248 0 0 0 0 0
54417259 0 0 0 0 0
54417287 0 0 0 0 0
54417431 33 0 0 0 0
54417497 823 1 1 0 4
54417498 0 0 0 0 0
54417554 0 0 0 0 0
54417594 0 0 0 0 0
54417602 30 0 0 0 0
54417685 0 0 0 0 0
54417732 0 0 0 0 0
54417818 0 0 0 0 0
54417837 0 0 0 0 0
54417847 0 1 0 0 1
54417854 0 0 0 0 0
54417896 4 0 0 1 0
54417899 6 0 0 1 0
54417928 0 0 0 0 0
54417953 0 4 1 3235 35
54417973 37 0 0 0 0
54418001 5 0 0 0 0
54418019 0 0 1 0 0
54418049 0 0 0 0 0
54418086 0 0 0 0 0
54418224 98 0 0 0 0
54418269 547 4 1 584 38
54418282 2 0 0 0 0
54418294 0 0 0 0 0
54418354 0 0 0 0 0
54418365 0 0 0 0 0
54418369 0 0 0 0 0
54418478 0 0 0 0 0
54418483 14 0 0 0 0
54418488 0 0 0 0 0
54418489 0 0 1 0 0
54418508 0 0 0 0 0
54418510 0 0 0 0 0
54418572 0 0 0 0 0
54418578 0 0 0 0 0
54418585 0 3 0 3 0
54418620 0 0 0 0 0
54418693 0 0 0 0 0
54418695 5 0 0 0 0
54418713 0 0 0 0 0
54418727 382 0 0 0 0
54418728 2 0 0 2 0
54418741 106 0 1 2 0
54418756 0 0 0 0 0
54418820 64 2 1 18 0
54418861 207 0 1 13 0
54418881 0 0 0 0 0
54418915 0 0 0 0 0
54418934 2 0 1 0 0
54418935 67 1 0 0 0
54418941 0 0 0 0 0
54418944 0 1 1 0 0
54418977 0 0 0 0 0
54419003 1 0 0 0 0
54419030 0 1 1 2 4
54419043 0 4 1 33 17
54419069 0 2 0 148 16
54419157 0 0 1 0 6
54419162 1 0 0 0 0
54419223 0 0 0 0 0
54419240 0 0 0 0 0
54419252 0 0 0 0 0
54419269 0 0 0 0 0
54419273 0 0 1 0 0
54419325 3 1 1 66 5
54419333 1 0 0 0 0
54419353 0 0 0 0 0
54419404 0 0 0 0 0
54419411 0 3 1 30462 13268
54419434 0 1 0 0 1
54419452 0 0 0 0 0
54419482 0 1 0 1 2
54419514 7 0 0 0 0
54419517 0 2 1 882 1
54419554 0 0 0 0 0
54419598 0 0 1 0 0
54419676 0 0 1 0 0
54419683 0 0 0 0 0
54419691 74 0 0 0 0
54419774 0 2 1 7143 10
54419821 0 0 1 0 0
54419826 0 0 0 0 0
54419829 0 0 0 0 0
54419903 0 2 0 0 0
54419939 0 3 1 384 149
54419977 0 0 0 0 0
54420056 16 0 0 0 0
54420138 0 3 1 115 407
54420168 0 0 0 0 0
54420200 0 0 1 0 0
54420204 0 0 0 0 0
54420216 0 1 0 0 0
54420223 0 0 0 0 0
54420226 0 0 0 0 0
54420229 0 0 0 0 0
54420254 38 0 0 0 0
54420300 0 0 0 0 0
54420320 0 0 0 0 0
54420333 0 0 1 17 5
54420357 0 0 0 0 0
54420360 0 1 1 0 3
54420371 18 0 0 0 0
54420394 0 0 0 0 0
54420408 8 0 1 0 0
54420418 0 0 0 0 0
54420433 0 0 1 4 1
54420475 0 0 0 0 0
54420495 0 0 0 0 0
54420496 0 0 0 0 0
54420549 0 1 0 0 1
54420564 0 0 0 0 0
54420615 0 3 1 0 582
54420624 16 0 0 0 0
54420650 0 0 0 0 0
54420670 0 0 0 0 0
54420691 155 0 1 0 0
54420700 46 0 0 0 0
54420708 0 1 1 10 1
54420732 0 0 1 0 0
54420747 0 0 0 0 0
54420756 0 1 0 0 0
54420784 0 0 0 0 0
54420796 524 0 0 0 0
54420808 0 4 1 157 13
54420841 0 0 0 0 0
54420845 0 0 0 0 0
54420884 0 0 0 0 0
54420887 104 0 0 0 0
54420889 0 0 0 0 0
54420935 0 0 0 0 0
54420942 70 0 0 0 0
54420968 0 0 1 0 0
54421010 0 0 0 0 0
54421026 0 2 1 129 52
54421052 91 0 0 0 0
54421070 86 0 1 0 0
54421120 56 0 0 0 0
54421157 0 0 0 0 0
54421162 0 0 0 0 0
54421167 0 0 0 0 0
54421174 0 0 0 0 0
54421182 0 0 0 0 0
54421195 0 0 0 0 0
54421239 0 0 0 0 0
54421260 0 1 0 2 5
54421291 0 2 1 17 8
54421336 0 0 0 0 0
54421408 2 2 1 3 1
54421456 0 0 0 0 0
54421491 0 0 0 0 0
54421515 0 0 0 0 0
54421540 0 0 1 0 0
54421585 0 1 0 13 3
54421628 0 0 0 0 0
54421724 0 0 0 0 0
54421731 0 1 0 0 1
54421739 0 0 0 0 0
54421771 0 0 0 0 0
54421784 0 3 1 2983 722
54421843 0 0 0 0 0
54421876 0 0 0 0 0
54421880 106 0 1 0 0
54421923 0 0 0 0 0
54421943 0 1 0 0 0
54421978 0 0 0 0 0
54421980 0 0 0 0 0
54421985 0 0 0 0 0
54421994 0 0 0 0 0
54422005 0 0 0 0 0
54422006 0 3 1 12 4
54422025 0 0 0 0 0
54422031 1 0 1 7 3
54422037 0 1 0 2 1
54422046 0 0 0 0 0
54422082 4 1 1 0 0
54422121 0 0 0 0 0
54422216 0 3 1 411 55
54422218 0 0 0 0 0
54422224 0 0 0 0 0
54422262 0 0 0 0 0
54422276 3816 0 1 0 0
54422312 0 0 0 0 0
54422313 5 0 1 0 0
54422352 0 0 1 0 0
54422383 0 0 0 0 0
54422409 0 0 0 0 0
54422414 0 0 0 0 0
54422442 0 1 1 62 27
54422443 0 1 0 8 4
54422483 23 0 0 0 0
54422503 0 0 0 0 0
54422562 0 4 1 12335 2602
54422568 0 2 0 4 1
54422576 1 0 0 0 0
54422614 144 0 0 0 0
54422620 0 0 0 0 0
54422653 0 0 0 0 0
54422716 1 0 0 0 0
54422767 0 0 0 0 0
54422772 0 0 0 0 0
54422775 0 0 0 0 0
54422794 6 0 0 0 0
54422826 0 0 1 0 0
54422843 0 0 0 0 0
54422859 46 0 0 0 0
54422877 0 0 0 0 0
54422886 0 2 1 262 185
54422889 8 0 0 0 0
54422894 0 1 0 44 6
54422898 2 0 0 0 0
54422920 0 0 0 0 0
54422954 0 0 0 0 0
54422979 237 0 0 0 0
54423001 0 0 0 0 0
54423031 0 4 1 0 147
54423061 28 0 0 0 0
54423086 0 2 0 34 0
54423093 28 1 1 30 0
54423103 3 0 0 0 0
54423112 0 1 1 0 1
54423127 155 0 0 0 0
54423136 0 0 0 0 0
54423207 0 0 0 0 0
54423226 0 0 0 0 0
54423228 43 0 0 0 0
54423274 0 0 0 0 0
54423317 0 0 0 0 0
54423358 0 2 0 0 3
54423378 8 2 0 479 8
54423431 5 0 0 0 0
54423442 0 0 0 0 0
54423453 32 0 0 0 0
54423478 0 0 0 0 0
54423485 160 0 1 1 0
54423490 0 4 1 40 43
54423525 0 0 0 0 0
54423534 6 0 0 0 0
54423566 0 0 0 0 0
54423578 0 0 0 0 0
54423599 0 4 1 154 27
54423649 28 0 0 0 0
54423676 0 0 0 0 0
54423683 1 2 1 0 0
54423715 0 0 1 0 0
54423751 45 0 1 0 0
54423785 0 0 1 0 0
54423800 0 0 0 0 0
54423827 51 0 1 0 0
54423888 219 0 1 0 0
54423892 0 0 0 0 0
54423894 0 1 0 1 0
54423898 0 1 0 48 13
54423905 0 0 0 0 0
54423909 59 0 1 0 0
54423969 0 1 0 0 1
54423986 0 0 0 0 0
54423989 0 0 0 0 0
54424018 0 0 0 0 0
54424042 0 0 0 0 0
54424076 436 1 1 414 1
54424094 17 0 0 0 0
54424104 0 0 0 0 0
54424109 0 0 0 0 0
54424146 0 4 1 0 0
54424151 0 0 0 0 0
54424156 0 0 0 0 0
54424194 2 1 1 2 1
54424200 1 0 0 0 0
54424207 0 0 0 0 0
54424257 431 0 1 0 0
54424303 0 0 0 0 0
54424314 0 2 0 55 8
54424325 0 0 0 0 0
54424330 105 0 1 0 0
54424417 0 1 0 0 2
54424443 23 0 1 0 0
54424485 0 0 1 6 35
54424487 0 0 0 0 0
54424531 198 3 0 202 2155
54424588 0 0 0 0 0
54424589 0 0 0 0 0
54424638 370 0 0 0 0
54424695 0 3 0 35 5
54424696 6 0 0 0 0
54424700 0 0 0 0 0
54424701 353 2 1 108 0
54424713 0 0 0 0 0
54424726 0 2 1 83 20
54424769 0 0 0 0 0
54424788 0 4 1 0 0
54424798 0 0 0 0 0
54424801 2 0 0 0 0
54424829 0 0 0 0 0
54424834 0 0 0 0 0
54424907 0 0 0 0 0
54424909 21 0 0 0 0
54424991 202 0 0 0 0
54425015 0 0 0 0 0
54425122 0 0 0 0 0
54425124 0 4 1 944 593
54425130 15 0 1 0 0
54425181 16 0 0 0 0
54425182 1 2 1 1 2
54425312 0 0 0 0 0
54425323 323 0 1 0 0
54425374 0 4 1 2 2
54425383 224 1 0 0 0
54425413 0 0 0 0 0
54425419 0 0 0 0 0
54425441 2 0 1 2 0
54425474 103 0 0 0 0
54425484 0 0 0 0 0
54425534 0 0 0 0 0
54425538 1 0 0 0 0
54425560 191 0 0 0 0
54425583 0 4 1 2 3
54425594 0 0 0 0 0
54425645 359 0 1 27 0
54425682 27 0 0 0 0
54425701 0 3 0 743 3
54425725 0 1 1 44 15
54425753 0 1 1 13 6
54425759 0 0 0 0 0
54425761 0 0 1 0 0
54425771 0 0 0 0 0
54425822 0 1 0 5 1
54425890 0 0 0 0 0
54425895 0 0 1 0 0
54425896 0 0 0 0 0
54425900 0 0 0 0 0
54425921 0 1 0 0 0
54425982 0 0 0 0 0
54426060 0 0 0 0 0
54426068 0 0 0 0 0
54426072 104 0 1 1 0
54426110 0 0 0 0 0
54426154 0 3 1 74 70
54426174 4 0 0 0 0
54426183 0 0 0 0 0
54426184 0 0 0 0 0
54426189 15 4 1 302 2203
54426213 0 0 0 0 0
54426217 0 0 0 0 0
54426221 0 0 0 0 0
54426255 0 0 0 0 0
54426287 0 1 0 17 2
54426289 4 0 0 0 0
54426304 0 3 1 488 55
54426342 0 3 0 0 0
54426388 0 0 0 0 0
54426427 0 0 0 0 0
54426435 0 2 1 8 0
54426452 0 2 0 41 58
54426478 0 0 0 0 0
54426530 0 0 0 28 0
54426532 0 0 0 0 0
54426570 0 1 0 1 2
54426591 25 0 0 0 0
54426629 10 0 0 0 0
54426636 0 0 0 0 0
54426686 0 0 0 0 0
54426715 0 1 1 0 0
54426741 0 0 1 0 0
54426793 0 0 0 0 0
54426798 0 0 1 0 0
54426820 0 0 0 0 0
54426857 2 0 1 0 0
54426895 0 0 0 0 0
54426897 0 0 0 0 0
54426978 0 0 0 0 0
54426985 262 0 1 0 0
54427025 0 0 0 0 0
54427049 0 0 0 0 0
54427078 0 0 0 0 0
54427138 0 0 0 0 0
54427188 273 0 1 60 43
54427197 20 0 0 0 0
54427209 0 0 0 0 0
54427216 31 3 1 210 37
54427221 4 0 1 21 0
54427229 0 1 0 0 0
54427269 0 0 0 0 0
54427278 9 0 0 0 0
54427307 0 1 0 0 0
54427333 0 0 0 0 0
54427339 0 0 0 0 0
54427366 1 0 0 0 0
54427411 0 0 1 0 0
54427422 0 0 0 0 0
54427477 0 0 0 0 0
54427490 97 0 0 0 0
54427491 0 0 0 0 0
54427492 1 0 0 0 0
54427508 0 0 0 0 0
54427541 30 4 1 0 0
54427543 0 0 0 0 0
54427545 14 0 1 8 0
54427565 0 0 0 0 0
54427642 0 1 1 0 0
54427684 0 0 0 0 0
54427687 142 0 0 0 0
54427709 0 0 0 0 0
54427749 0 0 1 0 0
54427802 0 0 0 0 0
54427856 0 4 1 0 24
54427867 0 0 0 0 0
54427880 0 0 0 0 0
54427893 0 0 0 0 0
54427904 1 0 0 0 0
54427908 0 0 0 0 0
54427910 0 0 0 0 0
54427917 1 0 0 0 0
54428051 10 0 1 0 0
54428104 0 0 0 0 0
54428105 0 3 1 0 58
54428128 0 2 1 0 3
54428145 0 1 0 282 17
54428227 0 0 0 0 0
54428308 0 0 0 0 0
54428325 0 0 0 0 0
54428335 0 0 0 0 0
54428352 0 0 0 0 0
54428371 0 1 0 0 4
54428410 68 0 1 0 0
54428447 92 1 1 59 2
54428485 0 0 0 0 0
54428488 0 0 1 0 0
54428502 0 0 0 0 0
54428503 0 0 0 3 0
54428561 0 0 0 0 0
54428573 7 0 1 0 0
54428616 0 0 0 0 0
54428650 7 0 1 0 0
54428678 0 4 1 59 7
54428716 15 0 0 0 0
54428755 4 0 0 0 0
54428812 0 0 0 0 0
54428820 0 0 0 0 0
54428832 0 0 0 0 0
54428849 0 0 0 0 0
54428863 0 0 0 0 0
54428916 0 0 0 0 0
54428921 0 2 1 0 1
54428928 0 0 0 0 0
54428939 0 0 0 0 0
54428950 0 0 0 0 0
54428960 22 0 0 0 0
54428992 4 0 0 0 0
54429004 5 0 0 0 0
54429021 0 1 0 0 0
54429047 0 0 1 0 2
54429067 0 0 0 0 0
54429090 0 4 1 2048 344
54429097 4 1 0 0 0
54429120 0 0 0 0 0
54429121 0 0 0 0 0
54429137 0 0 0 0 0
54429222 0 0 0 0 0
54429247 0 0 0 0 0
54429249 0 0 0 0 0
54429259 0 0 1 0 0
54429260 0 3 0 0 0
54429311 1 0 0 0 0
54429352 0 0 0 0 0
54429353 0 2 1 340 100
54429375 0 0 0 0 0
54429376 0 0 0 0 0
54429393 0 0 1 0 0
54429425 0 0 0 0 0
54429450 0 0 0 0 0
54429472 0 0 0 0 0
54429595 0 0 0 0 0
54429603 2 0 0 0 0
54429607 0 0 0 0 0
54429612 0 0 1 329 5
54429628 0 0 0 0 0
54429629 0 0 0 0 0
54429681 0 1 1 13 6
54429717 0 0 0 0 0
54429723 1807 1 1 16 4
54429755 8 0 0 0 0
54429766 2237 1 1 0 0
54429776 0 0 0 0 0
54429796 0 1 0 6 1
54429804 0 0 0 0 0
54429815 0 0 0 0 0
54429842 0 0 0 0 0
54429880 0 1 0 2 1
54429885 58 0 0 3 0
54429919 0 0 1 0 4
54429926 0 0 0 0 0
54429929 56 0 0 0 0
54429938 6 0 0 0 0
54429951 0 0 0 0 0
54429967 0 0 0 0 0
54429980 0 0 1 0 0
54429991 0 0 0 0 0
54430041 0 0 0 0 0
54430057 13 3 1 18 0
54430075 0 0 0 0 0
54430088 0 0 0 2 0
54430089 0 4 1 9197 824
54430098 0 0 0 0 0
54430104 0 0 0 0 0
54430129 0 0 0 0 0
54430177 0 1 0 0 1
54430212 0 0 0 0 0
54430215 97 0 0 0 0
54430231 0 0 0 0 0
54430277 18 0 0 0 0
54430287 55 0 0 0 0
54430305 0 0 1 0 0
54430389 0 0 0 0 0
54430396 501 0 1 0 0
54430421 0 0 0 0 0
54430482 0 0 1 9 0
54430508 11 4 1 909 11
54430525 0 0 0 0 0
54430531 1 0 1 2 0
54430571 0 0 0 0 0
54430585 5 0 0 0 0
54430625 0 1 0 0 0
54430639 94 1 1 28 0
54430652 0 0 0 0 0
54430698 27 0 0 0 0
54430703 0 0 0 0 0
54430715 0 0 0 0 0
54430718 0 0 0 0 0
54430751 0 2 0 4 2
54430753 5 1 0 27 0
54430766 37 0 0 0 0
54430775 0 0 0 0 0
54430779 0 1 0 0 0
54430894 0 0 0 0 0
54430906 0 0 0 0 0
54430951 0 3 1 421 13
54430984 214 0 1 31 0
54430992 0 0 0 0 0
54431022 0 2 0 5 3
54431042 0 0 1 0 0
54431054 10 0 1 0 0
54431055 0 0 0 0 0
54431076 2 0 0 0 0
54431079 0 1 0 43 6
54431122 0 0 0 0 0
54431162 0 0 0 0 0
54431172 0 0 0 0 0
54431223 0 0 0 4 0
54431229 0 0 0 0 0
54431277 0 0 0 0 0
54431281 0 0 0 0 0
54431312 0 0 0 0 0
54431334 0 0 0 0 0
54431380 0 0 0 0 0
54431383 8 0 0 0 0
54431390 0 0 0 0 0
54431463 0 1 1 0 1
54431488 107 0 1 0 0
54431510 1 0 1 0 0
54431557 0 0 0 0 0
54431560 0 0 0 0 0
54431569 0 0 0 0 0
54431574 8 0 0 0 0
54431629 0 0 0 0 0
54431657 7 0 0 0 0
54431681 0 0 0 0 0
54431709 2 0 0 0 0
54431714 0 0 0 0 0
54431759 0 0 0 0 0
54431787 183 0 0 0 0
54431820 0 0 0 0 0
54431842 16 0 0 0 0
54431848 0 0 0 0 0
54432008 0 0 0 0 0
54432013 17 0 1 0 0
54432041 0 0 0 0 0
54432042 0 0 1 0 0
54432072 0 0 0 0 0
54432077 3 4 1 862 723
54432080 0 3 0 29 6
54432101 40 0 0 0 0
54432131 0 0 0 0 0
54432145 0 0 0 0 0
54432151 0 0 0 0 0
54432163 0 0 0 0 0
54432165 0 0 0 0 0
54432203 0 0 0 0 0
54432204 0 0 0 0 0
54432206 0 0 0 0 0
54432234 0 0 0 0 0
54432269 0 0 0 0 0
54432276 59 0 1 0 0
54432292 1 0 0 1 0
54432413 12 0 0 0 0
54432415 89 0 1 0 0
54432427 0 0 0 0 0
54432431 0 0 0 0 0
54432434 0 0 0 0 0
54432435 5 1 1 4 0
54432496 33 0 0 0 0
54432603 0 1 0 5 2
54432628 68 0 0 0 0
54432636 0 0 0 0 0
54432663 6 0 0 0 0
54432667 0 0 0 0 0
54432680 0 0 0 0 0
54432729 539 0 1 0 0
54432733 0 0 0 0 0
54432735 29 0 0 0 0
54432751 0 3 1 193 11
54432833 31 0 1 0 0
54432834 0 0 0 0 0
54432844 0 0 0 0 0
54432868 0 0 0 0 0
54433038 0 2 0 0 4
54433181 0 0 0 0 0
54433183 0 1 0 2 1
54433184 185 0 1 0 0
54433186 8 0 0 0 0
54433191 273 0 1 0 0
54433194 38 0 0 0 0
54433195 480 0 1 0 0
54433217 0 0 0 0 0
54433223 162 0 1 69 0
54433224 2 0 0 0 0
54433232 0 0 0 0 0
54433247 95 0 1 0 0
54433268 0 0 1 0 0
54433279 0 3 1 57 9
54433294 0 0 0 0 0
54433340 0 0 0 0 0
54433358 0 0 1 0 0
54433362 0 0 0 0 0
54433412 0 0 1 0 0
54433433 823 0 1 155 0
54433500 0 4 1 239 447
54433576 0 0 1 0 0
54433608 3 0 0 0 0
54433630 0 0 0 0 0
54433631 0 1 0 0 1
54433638 0 0 0 0 0
54433642 0 0 0 0 0
54433671 0 0 1 0 0
54433690 0 0 0 0 0
54433695 0 0 0 0 0
54433696 0 0 0 0 0
54433723 0 0 0 0 0
54433724 0 0 0 0 0
54433734 134 0 0 0 0
54433736 0 4 1 67 54
54433747 0 0 0 0 0
54433751 0 0 0 0 0
54433757 0 0 0 0 0
54433767 109 0 0 0 0
54433801 0 0 0 0 0
54433829 0 0 1 0 0
54433866 0 1 0 0 0
54433928 0 0 0 0 0
54433938 0 0 0 0 0
54433943 4 0 0 0 0
54433961 0 0 0 0 0
54433967 0 0 1 0 0
54433976 0 0 1 0 0
54434002 0 0 1 0 0
54434104 7 0 1 0 0
54434116 0 0 0 0 0
54434125 0 4 1 0 0
54434141 0 0 0 0 0
54434162 0 0 0 0 0
54434166 0 0 0 0 0
54434199 0 0 1 16 5
54434235 41 1 1 51 5
54434256 0 0 0 0 0
54434261 0 0 0 0 0
54434263 0 0 0 0 0
54434321 0 0 0 0 0
54434329 0 0 0 0 0
54434343 0 0 0 0 0
54434359 0 0 0 0 0
54434374 8 0 0 0 0
54434386 9 0 0 0 0
54434391 0 1 0 1 2
54434396 0 0 0 0 0
54434405 24 0 1 0 0
54434432 47 0 1 0 0
54434444 0 0 0 0 0
54434474 135 0 1 0 0
54434497 0 2 1 195 485
54434556 370 0 0 0 0
54434583 0 4 1 2059 392
54434597 0 0 0 0 0
54434622 0 0 0 0 0
54434638 99 0 0 19 0
54434670 1 0 0 0 0
54434747 679 1 1 1391 1
54434759 123 1 1 0 0
54434766 0 0 0 0 0
54434790 0 0 0 0 0
54434803 279 0 1 50 0
54434808 0 0 0 0 0
54434810 1 0 0 0 0
54434828 8 0 0 0 0
54434861 7 0 0 0 0
54434866 35 0 0 0 0
54434868 10 0 0 0 0
54434887 0 0 0 0 0
54434898 0 0 0 0 0
54434931 0 0 0 0 0
54434932 0 0 0 0 0
54434941 101 0 1 0 0
54434960 0 3 1 158 15
54435002 16 0 0 0 0
54435021 1 0 0 0 0
54435035 0 0 0 0 0
54435040 0 0 0 0 0
54435072 0 0 0 0 0
54435077 0 0 0 0 0
54435086 0 0 0 0 0
54435097 35 1 0 0 0
54435106 1 0 0 0 0
54435109 0 0 0 0 0
54435116 0 0 0 0 0
54435119 0 0 0 0 0
54435120 0 0 0 0 0
54435247 0 4 1 1279 101
54435258 152 0 0 24 0
54435311 1 0 0 0 0
54435324 0 1 0 0 1
54435325 0 0 0 0 0
54435349 0 0 0 0 0
54435362 0 0 0 0 0
54435372 0 0 0 0 0
54435383 0 0 0 0 0
54435449 0 0 0 0 0
54435461 100 0 1 0 0
54435464 0 0 0 0 0
54435469 0 0 1 0 2
54435520 0 1 1 0 0
54435550 0 0 1 0 0
54435560 32 0 1 0 0
54435584 0 0 0 0 0
54435617 0 0 0 0 0
54435636 0 0 0 0 0
54435683 1 0 0 0 0
54435739 1022 2 1 11952 565
54435806 28 0 0 0 0
54435818 0 0 0 0 0
54435873 0 0 0 0 0
54435888 0 0 0 0 0
54435894 454 1 0 37 69
54435896 31 0 0 0 0
54435931 0 1 0 1 1
54435982 0 0 0 0 0
54435988 0 1 0 5 0
54436012 0 4 1 2 15
54436051 0 0 1 0 0
54436059 0 0 0 0 0
54436073 0 0 1 0 0
54436125 0 0 0 0 0
54436146 7 0 1 0 0
54436154 0 0 0 0 0
54436155 0 1 0 2281 289
54436204 0 0 0 0 0
54436205 0 0 0 0 0
54436259 0 0 0 0 0
54436279 0 0 0 0 0
54436296 0 0 0 0 0
54436324 0 0 0 0 0
54436329 0 0 0 0 0
54436353 0 0 0 0 0
54436387 0 0 0 0 0
54436389 0 0 0 0 0
54436394 0 0 1 0 0
54436397 0 0 1 0 0
54436399 0 0 1 0 0
54436418 11 0 1 0 0
54436439 707 0 0 9 0
54436478 0 0 0 0 0
54436483 0 0 0 0 0
54436500 158 0 0 0 0
54436515 58 0 0 0 0
54436521 17 0 0 0 0
54436536 0 0 0 0 0
54436539 0 0 0 0 0
54436548 0 0 0 0 0
54436568 4 0 0 0 0
54436597 18 0 0 0 0
54436629 0 0 0 0 0
54436711 120 0 1 93 4
54436714 20 0 1 0 0
54436767 0 0 1 0 0
54436804 0 0 0 0 0
54436808 0 0 0 0 0
54436824 0 0 0 0 0
54436852 0 0 0 0 0
54436867 259 0 0 0 0
54436935 0 0 0 0 0
54436938 0 0 0 0 0
54436963 1 4 1 2 0
54437024 34 0 0 0 0
54437039 0 0 0 0 0
54437055 0 0 0 0 0
54437080 0 1 0 0 1
54437087 0 0 0 0 0
54437122 0 0 0 0 0
54437180 0 0 0 0 0
54437278 2 0 1 0 0
54437296 0 0 1 0 0
54437339 0 0 0 0 0
54437365 0 0 0 0 0
54437369 28 0 1 14 0
54437410 106 0 0 0 0
54437411 0 0 0 0 0
54437450 0 0 0 0 0
54437461 320 0 1 0 1
54437470 0 0 0 0 0
54437477 86 0 0 0 0
54437481 642 0 1 0 0
54437582 0 0 1 0 0
54437602 0 0 0 0 0
54437634 0 0 0 0 0
54437676 47 0 1 0 0
54437690 6 0 0 0 0
54437711 9 0 0 0 0
54437714 0 0 0 0 0
54437738 0 0 0 0 0
54437765 0 0 0 0 0
54437801 0 0 0 0 0
54437860 0 0 1 0 0
54437870 56 0 1 0 0
54437885 0 0 0 0 0
54437927 0 0 0 0 0
54437930 0 0 0 0 0
54437944 0 2 0 4 2
54437974 31 0 0 0 0
54437996 0 0 0 0 0
54438016 0 0 0 0 0
54438029 13 0 0 1 1
54438072 0 0 0 0 0
54438136 0 0 0 0 0
54438149 0 0 0 0 0
54438223 7 0 0 0 0
54438237 0 1 0 0 0
54438284 0 0 1 0 0
54438339 0 0 0 0 0
54438431 22 0 0 0 0
54438446 22 0 1 0 0
54438453 0 0 0 0 0
54438461 0 0 0 0 0
54438508 1 1 0 45 2
54438526 0 0 0 0 0
54438536 0 0 0 0 0
54438549 0 0 0 0 0
54438554 631 2 1 1625 133
54438618 0 0 0 0 0
54438710 33 0 0 0 0
54438736 0 0 0 0 0
54438779 228 4 1 1216 794
54438798 0 1 1 3 4
54438814 0 0 0 0 0
54438819 0 0 0 0 0
54438823 3 0 0 0 0
54438829 46 0 1 0 0
54438856 1 0 0 0 0
54438871 0 0 0 0 0
54438872 0 4 1 4 10
54438876 0 0 0 0 0
54438894 0 0 0 0 0
54438898 0 0 0 0 0
54438918 0 2 0 360 12
54438920 0 0 0 0 0
54438930 0 0 0 0 0
54438943 0 0 0 0 0
54438951 9 0 0 0 0
54438988 0 0 0 0 0
54439023 0 2 0 19 8
54439064 0 0 0 0 0
54439077 0 0 0 0 0
54439158 0 0 0 0 0
54439184 0 0 0 0 0
54439226 36 0 0 0 0
54439230 0 0 1 0 0
54439327 42 1 1 30 0
54439369 0 1 0 1 0
54439417 0 0 0 0 0
54439422 61 0 0 0 0
54439444 0 0 0 0 0
54439533 0 0 0 0 0
54439537 5 0 1 0 0
54439558 153 0 1 0 0
54439594 0 1 0 6 2
54439651 0 0 0 0 0
54439659 0 0 0 0 0
54439660 364 0 1 0 0
54439668 0 0 1 0 0
54439670 61 0 0 0 0
54439676 0 0 0 0 0
54439722 8 3 1 16 22
54439932 144 0 1 0 0
54439961 1 0 0 0 0
54440032 0 3 1 17 18
54440036 0 0 0 0 0
54440057 2 0 0 0 0
54440062 0 0 0 0 0
54440095 230 1 0 2 7
54440118 0 0 1 0 0
54440141 0 0 0 0 0
54440197 0 0 0 0 0
54440259 0 0 0 0 0
54440260 0 3 1 1841 28
54440267 2 0 1 2 0
54440288 42 0 1 1 0
54440290 0 2 0 0 2
54440328 1 0 1 0 0
54440358 0 0 0 0 0
54440376 27 0 1 0 0
54440393 0 0 0 0 0
54440426 0 0 0 0 0
54440487 0 2 1 0 2
54440550 0 2 0 30 0
54440664 0 0 0 0 0
54440699 24 0 1 0 0
54440763 0 2 0 1 2
54440799 59 3 1 980 7
54440806 0 0 0 0 0
54440831 24 0 0 0 0
54440836 0 1 1 17 30
54440861 0 0 0 0 0
54440868 16 0 1 0 0
54440902 138 0 1 0 0
54440957 0 0 0 0 0
54440998 0 0 1 0 0
54441076 0 0 0 0 0
54441099 0 0 0 0 0
54441133 0 0 0 0 0
54441151 2 0 0 0 0
54441175 0 0 0 0 0
54441188 145 3 1 929 346
54441189 0 0 0 0 0
54441211 0 0 0 0 0
54441241 568 0 1 0 0
54441257 47 0 0 28 0
54441273 0 0 0 0 0
54441316 12 0 1 0 0
54441342 2 0 1 0 0
54441347 0 0 0 0 0
54441413 55 2 1 35 0
54441496 2 0 1 0 0
54441503 424 0 1 0 0
54441544 0 0 0 0 0
54441593 0 1 0 0 0
54441599 0 0 0 0 0
54441602 0 0 0 0 0
54441611 0 0 1 0 0
54441625 63 0 1 0 0
54441690 0 0 0 0 0
54441758 0 0 0 0 0
54441788 0 0 0 0 0
54441804 0 0 0 0 0
54441808 0 0 0 0 0
54441819 0 0 0 0 0
54441869 87 0 0 0 0
54441894 47 1 1 13 0
54441901 0 0 1 0 0
54441903 14 0 0 0 0
54441910 38 0 1 0 0
54441921 323 0 1 0 0
54441937 1 0 0 0 0
54442025 251 0 1 0 0
54442079 0 0 0 0 0
54442096 0 1 1 1 0
54442127 0 0 0 0 0
54442136 0 1 0 3006 3
54442169 0 0 0 0 0
54442217 0 0 0 0 0
54442259 0 0 0 0 0
54442301 4 0 1 0 0
54442325 0 0 0 0 0
54442326 0 0 0 0 0
54442443 5 0 0 0 0
54442447 0 0 0 0 0
54442470 0 0 0 0 0
54442527 277 0 0 0 0
54442560 0 0 0 0 1
54442606 0 0 0 0 0
54442621 8 0 1 0 0
54442645 309 0 0 0 0
54442651 0 0 0 0 0
54442652 0 0 1 0 0
54442667 0 0 0 0 0
54442711 4 0 0 0 0
54442728 0 0 0 0 0
54442747 0 1 0 4 3
54442808 11 0 1 0 0
54442903 0 0 0 0 0
54442977 0 0 0 0 0
54443027 316 0 1 10 0
54443031 20 0 1 315 1
54443043 0 0 0 0 0
54443050 0 2 1 331 76
54443075 1 2 1 2 3
54443078 0 0 0 0 0
54443090 4 0 0 0 0
54443131 248 0 1 0 0
54443184 0 0 0 0 0
54443254 0 0 0 0 0
54443270 29 0 1 0 0
54443314 0 3 1 0 3
54443394 0 0 0 0 0
54443401 0 1 0 4 0
54443498 14 0 0 0 0
54443546 0 0 0 0 0
54443572 0 0 0 0 0
54443598 0 0 0 0 0
54443617 0 0 0 0 0
54443653 9 0 0 0 0
54443658 0 1 0 379 100
54443684 0 0 0 0 0
54443750 0 0 0 0 0
54443764 0 0 0 0 0
54443777 0 0 0 0 0
54443852 0 1 0 0 1
54443871 29 0 0 0 0
54443887 0 1 1 1 0
54443916 0 0 0 0 0
54443943 0 0 0 0 0
54443964 2 0 1 0 0
54444014 0 4 1 836 46
54444052 0 1 0 0 5
54444139 0 0 0 0 0
54444155 0 0 0 0 0
54444167 0 0 0 0 0
54444181 0 0 0 0 0
54444220 0 0 0 0 0
54444248 0 1 0 0 101
54444322 0 0 0 0 0
54444336 0 0 0 0 0
54444369 0 0 1 0 0
54444384 0 0 0 0 0
54444399 0 0 0 0 0
54444419 75 0 0 0 0
54444426 0 1 0 0 0
54444459 1 0 0 0 0
54444513 0 0 0 0 0
54444548 0 3 1 44 8
54444567 87 0 0 0 0
54444572 0 0 0 0 0
54444612 0 0 0 0 0
54444629 0 0 0 0 0
54444681 0 0 0 0 0
54444682 0 0 0 0 0
54444688 0 0 0 0 0
54444700 14 0 0 0 0
54444746 0 0 0 0 0
54444777 27 0 1 0 0
54444825 0 0 1 0 0
54444848 0 2 1 0 30
54444911 0 0 0 0 0
54444929 0 0 0 0 0
54444935 58 0 0 0 0
54444966 0 0 0 0 0
54444995 1 0 0 0 0
54444999 0 0 0 0 0
54445048 0 0 0 0 0
54445086 0 0 0 0 0
54445111 0 1 0 0 1
54445112 1 0 1 0 0
54445118 0 0 0 0 0
54445152 0 0 0 0 0
54445161 0 1 1 1 0
54445169 0 0 1 42 1
54445173 0 0 0 0 0
54445224 0 2 1 327 30
54445228 0 0 1 0 0
54445250 0 1 1 0 0
54445255 88 0 1 0 0
54445262 0 0 0 0 0
54445318 2 0 0 0 0
54445319 1 0 1 0 0
54445330 0 1 0 0 2
54445385 0 1 0 0 2
54445393 0 0 0 0 0
54445418 55 0 1 0 0
54445436 0 2 0 0 0
54445461 0 0 0 0 0
54445465 0 0 0 0 0
54445481 133 0 1 0 0
54445549 0 0 1 0 0
54445657 20 0 1 7 0
54445672 1 0 0 0 0
54445673 0 0 0 0 0
54445685 0 0 0 0 0
54445734 0 0 0 0 0
54445773 0 0 0 0 0
54445776 0 0 0 0 0
54445878 0 0 1 383 0
54445961 0 0 0 0 0
54445985 4 0 0 0 0
54445988 0 0 0 0 0
54446004 0 0 0 0 0
54446016 41 0 1 0 0
54446041 0 0 0 0 0
54446042 0 0 0 0 0
54446046 0 0 0 0 0
54446064 2 0 0 0 0
54446070 0 0 0 0 0
54446078 0 2 1 2 1
54446081 0 0 0 0 0
54446144 0 0 0 0 0
54446157 46 0 0 0 0
54446162 0 0 0 0 0
54446220 0 0 0 0 0
54446247 7 0 0 0 0
54446278 0 0 0 0 0
54446371 0 0 0 0 0
54446429 0 0 0 0 0
54446453 0 0 0 0 0
54446455 53 0 1 4 0
54446473 0 0 0 0 0
54446510 0 0 1 0 0
54446517 0 0 0 18 0
54446528 0 0 1 0 0
54446570 0 2 0 0 0
54446576 0 0 0 0 0
54446661 141 0 0 0 0
54446695 0 0 0 0 0
54446698 52 4 1 107 34
54446761 0 0 0 0 0
54446803 0 0 0 0 0
54446850 0 0 0 0 0
54446873 0 0 0 0 0
54446880 0 0 0 0 0
54446978 0 0 0 0 0
54446982 0 0 0 0 0
54447049 0 2 1 137 56
54447056 0 0 0 0 0
54447058 0 0 0 0 0
54447061 0 0 0 0 0
54447075 415 0 1 0 0
54447078 0 0 1 0 0
54447111 0 0 0 0 0
54447113 0 0 1 0 0
54447127 0 1 1 0 0
54447158 1349 0 1 0 0
54447190 0 0 0 0 0
54447212 0 0 0 0 0
54447290 0 1 0 0 0
54447333 0 0 0 0 0
54447360 0 1 0 1 1
54447361 0 0 0 0 0
54447441 0 2 1 9 2
54447449 0 0 0 2 3
54447475 78 0 1 0 0
54447481 0 0 0 0 0
54447502 11 0 1 0 0
54447515 172 2 1 33 0
54447518 0 1 0 0 0
54447553 0 0 0 0 0
54447583 246 0 1 0 0
54447659 0 0 0 0 0
54447674 0 0 0 0 0
54447680 0 0 0 0 0
54447708 0 0 0 0 0
54447710 0 0 0 0 0
54447714 30 0 0 0 0
54447737 0 0 0 0 0
54447739 0 0 0 0 0
54447789 0 0 1 0 0
54447814 0 0 0 0 0
54447822 0 4 1 0 0
54447841 1 0 0 0 0
54447856 0 0 0 0 0
54447900 0 0 0 0 0
54447922 0 0 0 0 0
54447924 0 0 0 0 0
54447938 0 0 0 0 0
54447972 29 0 1 152 0
54447974 9 1 1 0 0
54447981 0 0 0 0 0
54447991 0 0 0 0 0
54448026 5 2 1 14 0
54448033 184 4 1 39 5
54448034 0 0 0 0 0
54448038 0 0 0 0 0
54448053 0 2 1 36 57
54448061 0 0 0 0 0
54448064 5 1 1 37 8
54448084 0 0 0 0 0
54448101 0 0 0 0 0
54448140 0 0 0 0 0
54448153 502 1 1 171 0
54448235 0 0 0 0 0
54448249 0 0 0 0 0
54448276 0 0 0 0 0
54448301 0 0 0 0 0
54448307 0 2 1 178 17
54448308 0 0 1 0 0
54448316 0 0 0 0 0
54448325 0 0 1 0 0
54448335 1 0 0 0 0
54448349 0 0 0 0 0
54448417 0 0 0 0 0
54448419 84 0 0 0 0
54448443 0 3 0 0 16
54448445 0 0 0 0 0
54448517 0 1 0 0 1
54448519 1 0 0 0 0
54448544 0 0 0 0 0
54448563 0 0 0 0 0
54448575 62 0 1 0 0
54448593 0 0 0 0 0
54448627 0 0 0 0 0
54448631 1976 0 1 72 0
54448632 0 0 0 0 0
54448633 10 0 0 0 0
54448644 0 0 0 0 0
54448668 0 0 0 0 0
54448677 0 0 0 0 0
54448695 0 2 0 126 2
54448701 0 2 1 9 25
54448707 0 0 0 0 0
54448728 61 0 0 0 0
54448757 62 3 0 255 7
54448775 0 0 0 0 0
54448832 0 0 0 0 0
54448846 0 0 1 0 0
54448851 342 0 1 0 0
54448864 0 1 1 14 2
54448883 0 0 0 0 0
54448893 0 3 0 0 154
54448946 0 0 0 0 0
54448948 0 0 0 0 0
54448953 88 1 1 264 2
54448969 0 0 0 0 0
54448985 0 1 1 78 1
54449002 0 1 1 293 0
54449024 20 0 0 0 0
54449073 0 0 0 0 0
54449074 0 0 0 0 0
54449081 0 0 0 0 0
54449091 4 0 0 0 0
54449096 0 0 0 0 0
54449133 0 1 1 107 11
54449136 0 0 0 0 0
54449157 2 0 0 0 0
54449159 2 0 0 0 0
54449182 0 0 0 0 0
54449196 0 0 0 0 0
54449197 0 0 0 0 0
54449213 0 0 1 139 1
54449231 0 0 0 0 0
54449234 3 0 0 0 0
54449253 0 2 0 0 1
54449268 0 2 0 0 2
54449279 106 4 1 1667 55
54449308 0 0 0 0 0
54449429 0 0 1 0 0
54449463 0 0 0 0 0
54449486 0 0 0 0 0
54449529 0 0 0 0 0
54449535 569 0 1 0 0
54449579 0 0 1 0 0
54449590 22 0 0 0 0
54449599 7 0 1 7 0
54449623 537 1 1 0 0
54449624 24 0 1 0 0
54449632 0 0 0 0 0
54449641 9 0 0 0 0
54449650 0 0 1 0 0
54449750 45 0 1 0 0
54449751 0 0 1 0 0
54449819 0 0 1 0 0
54449925 0 0 0 0 0
54450019 0 0 0 0 0
54450039 0 0 0 0 0
54450040 1 0 0 0 0
54450056 0 0 0 0 0
54450093 0 0 0 0 0
54450096 0 0 0 0 0
54450097 0 0 1 0 1
54450098 0 0 0 0 0
54450103 0 0 0 0 0
54450108 0 0 0 0 0
54450116 0 1 1 0 1
54450172 0 0 0 0 0
54450178 3 0 0 0 0
54450199 0 0 0 0 0
54450234 0 2 0 102 26
54450261 17 3 1 68 917
54450267 0 0 0 0 0
54450301 166 0 0 0 0
54450356 0 1 1 52 11
54450379 0 0 0 0 0
54450383 0 0 0 0 0
54450386 0 0 0 0 0
54450392 0 0 0 0 0
54450420 0 0 0 0 0
54450497 1 0 0 0 0
54450531 0 0 1 0 0
54450532 0 0 1 0 0
54450535 0 4 0 35 9
54450559 0 1 1 17 1
54450562 14 0 0 0 0
54450576 0 0 0 0 0
54450577 0 0 0 0 0
54450635 80 0 1 0 0
54450665 5 0 0 0 0
54450672 0 0 0 0 0
54450727 0 0 0 0 0
54450751 0 0 0 0 0
54450765 1 0 0 0 0
54450780 0 0 1 0 0
54450790 386 0 1 14 1
54450797 0 0 0 0 0
54450820 0 0 0 0 0
54450849 0 0 0 0 0
54450879 0 0 1 0 0
54450883 0 0 0 0 0
54450899 0 1 0 29 17
54450912 5 0 0 0 0
54450916 0 0 0 0 0
54450943 34 0 0 0 0
54450949 0 3 0 38 6
54450953 0 0 0 0 0
54450969 1 0 0 0 0
54451010 83 0 1 0 0
54451099 0 0 0 0 0
54451130 32 0 1 0 0
54451154 0 0 0 0 0
54451166 1 0 1 0 0
54451190 0 0 0 0 0
54451255 75 1 0 3 0
54451312 0 1 0 0 0
54451330 0 0 0 0 0
54451390 0 0 1 0 0
54451403 0 0 0 0 0
54451419 0 1 0 84 2
54451432 55 0 0 0 0
54451435 0 0 0 0 0
54451479 397 0 1 0 0
54451483 19 0 0 0 0
54451486 0 0 0 0 0
54451532 31 0 0 0 0
54451539 0 1 0 0 0
54451570 0 1 0 7 2
54451615 0 3 0 5 2
54451625 0 0 0 0 0
54451670 0 4 1 455 75
54451731 0 4 1 46 49
54451746 0 0 0 0 0
54451785 0 0 1 0 0
54451802 0 0 0 0 0
54451813 0 0 0 0 0
54451843 11 1 1 8 0
54451881 0 2 1 22 28
54451927 0 0 0 0 0
54451930 436 0 1 0 0
54451954 1 0 1 0 0
54452041 16 0 0 0 0
54452085 333 1 1 20 0
54452127 0 3 1 0 44
54452134 0 0 0 0 0
54452164 0 0 0 0 0
54452168 0 0 0 0 0
54452169 0 1 0 0 0
54452180 3 0 1 0 0
54452216 0 0 0 0 0
54452223 0 0 0 0 0
54452251 0 1 0 0 0
54452348 5 0 0 0 0
54452352 0 0 0 0 0
54452471 0 0 0 0 0
54452524 0 0 0 0 0
54452529 55 1 1 11 2
54452550 0 0 0 0 0
54452557 114 3 0 82 21
54452563 0 0 0 0 0
54452568 0 0 0 0 0
54452596 0 0 0 0 0
54452603 0 0 0 0 0
54452604 0 0 0 0 0
54452642 26 0 0 0 0
54452669 0 0 0 0 0
54452710 0 0 0 0 0
54452781 4 0 1 0 0
54452812 0 0 0 0 0
54452861 0 1 0 10 13
54452888 61 0 0 0 0
54452916 0 0 0 0 0
54452924 0 0 1 0 0
54452961 0 0 0 0 0
54453057 0 0 0 0 0
54453061 5 0 0 0 0
54453080 0 0 0 0 0
54453105 0 1 0 0 0
54453111 0 0 0 0 0
54453115 23 0 0 0 0
54453185 0 3 1 751 219
54453312 2 0 0 0 0
54453319 0 1 0 0 2
54453330 0 0 0 0 0
54453334 187 1 0 46 1
54453336 0 0 0 0 0
54453441 0 0 1 0 0
54453510 0 2 1 126 73
54453524 0 1 1 31 1
54453541 633 0 0 0 0
54453542 0 1 0 7 2
54453549 0 1 1 0 2
54453594 0 0 0 0 0
54453598 3 0 0 0 0
54453611 0 1 0 0 0
54453634 0 0 0 0 0
54453667 48 0 0 0 0
54453670 0 0 0 0 0
54453682 0 0 0 0 0
54453746 0 0 0 0 0
54453756 0 0 0 0 0
54453795 0 0 1 0 0
54453807 18 0 1 0 0
54453941 1 0 1 0 0
54453943 0 0 0 0 0
54453964 1 1 0 0 0
54453992 0 0 0 0 0
54453998 0 1 0 8 2
54454009 0 0 0 0 0
54454087 0 0 1 0 0
54454100 0 0 0 0 0
54454123 0 1 0 0 0
54454146 0 0 0 0 0
54454161 61 1 1 43 1
54454168 0 0 0 0 0
54454218 134 1 0 0 0
54454257 0 1 0 0 0
54454270 1 0 1 0 0
54454289 0 0 1 0 0
54454293 0 0 0 0 0
54454298 172 0 0 0 0
54454301 58 0 0 0 0
54454333 0 2 1 6 6
54454440 0 0 0 0 0
54454478 0 2 0 47 3
54454481 0 0 0 0 0
54454492 18 0 0 0 0
54454525 0 0 0 0 0
54454541 379 0 1 132 0
54454592 14 0 0 5 0
54454616 0 0 0 0 0
54454618 0 0 0 0 0
54454620 0 0 0 0 0
54454624 62 0 1 0 0
54454646 0 0 0 0 0
54454684 0 0 0 0 0
54454687 0 0 0 0 0
54454702 27 2 0 16 0
54454748 0 0 0 0 0
54454796 0 1 1 0 1
54454856 0 0 0 0 0
54454881 0 3 1 13 1
54454896 0 0 0 0 0
54454913 0 0 0 0 0
54454966 0 3 1 0 0
54454967 0 0 0 0 0
54454995 0 0 1 0 0
54455010 0 0 0 0 0
54455021 4 0 0 0 0
54455052 0 0 0 0 0
54455091 1 1 0 0 0
54455112 1 0 0 0 0
54455116 0 0 0 0 0
54455165 0 0 0 0 0
54455203 5 0 0 0 0
54455259 778 0 0 0 0
54455260 0 0 0 0 0
54455262 0 0 0 0 0
54455287 0 0 1 0 0
54455293 49 0 0 0 0
54455319 0 1 1 0 0
54455330 0 0 0 0 0
54455333 0 0 0 0 0
54455337 0 1 0 0 3
54455341 0 0 0 0 0
54455348 173 3 1 35 3
54455366 0 0 0 0 0
54455394 0 0 0 0 0
54455396 5 0 0 0 0
54455421 14 1 1 13 0
54455423 0 0 0 0 0
54455449 1 0 1 1 0
54455487 0 0 0 0 0
54455501 0 0 1 0 0
54455503 7 1 1 0 0
54455517 0 0 0 0 0
54455534 0 0 0 0 0
54455538 0 1 1 1 2
54455545 2 1 0 0 0
54455552 0 0 1 0 0
54455562 25 0 0 37 0
54455583 3 0 0 0 0
54455680 36 0 0 0 0
54455693 0 0 0 0 0
54455736 0 0 1 0 0
54455738 0 0 0 0 0
54455787 0 1 0 0 2
54455789 7 0 1 0 0
54455821 0 0 0 0 0
54455823 0 0 1 0 0
54455839 0 0 0 0 0
54455853 0 1 0 23 2
54455859 0 1 1 11 1
54455907 0 0 0 0 0
54455924 3 0 0 0 0
54455939 0 0 1 0 0
54455949 0 1 0 1 1
54455964 0 0 0 0 0
54455997 0 0 0 0 0
54456011 0 0 0 0 0
54456026 0 0 0 0 0
54456075 0 0 0 0 0
54456121 0 0 0 0 0
54456132 0 0 1 0 0
54456136 0 0 0 0 0
54456153 0 0 1 0 0
54456186 0 1 0 0 1
54456237 0 1 0 0 0
54456255 0 0 0 0 0
54456261 0 0 0 0 0
54456297 0 0 0 0 0
54456304 52 0 1 58 0
54456318 0 0 0 0 0
54456339 0 0 0 0 0
54456361 0 0 0 0 0
54456374 1 0 0 0 0
54456379 0 1 0 140 81
54456384 0 0 0 0 0
54456389 0 0 1 0 0
54456403 0 0 0 0 0
54456431 1 0 1 0 0
54456453 0 0 0 0 0
54456479 0 1 0 0 1
54456490 0 0 0 0 0
54456514 0 0 0 0 0
54456533 0 1 0 17 0
54456555 0 1 1 5 4
54456567 0 2 1 8 24
54456575 0 0 0 0 0
54456588 0 0 0 0 0
54456638 0 0 0 0 0
54456687 0 0 0 0 0
54456692 29 0 0 23 0
54456750 31 0 1 0 0
54456787 53 0 0 0 0
54456796 33 1 1 7 0
54456797 0 0 0 0 0
54456839 163 3 1 957 9
54456844 0 0 0 0 0
54456933 147 0 1 188 12
54456974 6 0 0 0 0
54457017 284 0 1 0 0
54457034 0 0 0 0 0
54457061 0 0 0 0 0
54457065 0 0 0 0 0
54457069 0 0 0 0 0
54457074 0 2 0 57 69
54457096 0 0 0 0 0
54457104 16 0 0 0 0
54457107 199 0 0 0 0
54457148 23 4 1 84574 8342
54457208 0 0 0 0 0
54457243 0 0 0 0 0
54457332 0 2 1 0 4
54457335 0 0 0 0 0
54457356 18 0 0 0 0
54457390 7 0 1 1 0
54457413 0 0 0 0 0
54457435 0 0 0 0 0
54457456 0 2 0 151 358
54457457 0 0 0 0 0
54457498 0 0 0 0 0
54457502 3 0 0 0 0
54457553 0 0 1 0 0
54457564 37 0 0 0 0
54457608 0 1 0 2 0
54457624 179 0 1 0 0
54457631 0 0 0 0 0
54457650 0 0 0 0 0
54457660 0 0 0 0 0
54457692 0 0 0 0 0
54457715 7 0 0 0 0
54457720 0 0 0 0 0
54457766 0 0 0 0 0
54457783 26 0 1 8 0
54457802 0 0 0 0 0
54457825 0 0 0 0 0
54457826 0 0 0 0 0
54457856 0 1 0 13 4
54457875 0 0 1 0 0
54457914 0 1 1 508 2
54457916 0 0 0 0 0
54457960 0 0 0 0 0
54458003 1 0 1 13 0
54458005 1 1 1 0 1
54458024 351 1 0 124 1
54458026 0 0 1 0 0
54458027 0 0 1 0 0
54458087 0 0 0 0 0
54458094 61 0 0 4 0
54458167 22 0 0 0 0
54458174 0 0 1 0 0
54458225 0 2 0 590 28
54458246 4 0 0 0 0
54458259 5 0 1 179 0
54458267 0 0 0 0 0
54458276 0 0 0 0 0
54458279 6 0 0 0 0
54458280 0 0 1 0 0
54458319 0 0 0 0 0
54458320 0 1 1 0 0
54458323 0 0 0 0 0
54458327 0 3 1 108 6
54458391 0 1 0 0 0
54458405 25 0 1 8 0
54458462 0 0 0 0 0
54458555 0 0 1 0 0
54458581 1 1 0 0 0
54458599 0 0 0 0 0
54458609 0 1 0 0 2
54458618 0 0 0 0 0
54458669 1 0 0 0 0
54458677 4 0 1 0 0
54458701 23 0 1 0 0
54458769 0 0 0 0 0
54458842 0 0 1 8 1
54458874 10 1 1 540 195
54458895 0 0 1 0 0
54458916 0 0 0 0 0
54458922 0 0 1 0 0
54458982 0 0 0 0 0
54458987 42 1 1 7 3
54458991 0 1 1 0 0
54458994 0 0 0 0 0
54459003 0 0 1 1 1
54459052 0 0 0 0 0
54459064 0 0 0 0 0
54459080 0 1 1 10 153
54459084 7 0 0 0 0
54459099 0 1 0 3 6
54459116 0 0 0 0 1
54459192 0 0 0 0 0
54459214 0 0 0 0 0
54459259 0 2 1 0 8
54459288 20 0 1 0 0
54459335 0 0 1 0 1
54459337 0 0 0 0 0
54459339 0 0 0 0 0
54459343 42 2 1 386 1
54459353 0 0 0 0 0
54459354 0 0 0 0 0
54459383 0 1 1 28 1
54459398 206 0 0 0 0
54459438 0 2 1 0 3
54459441 0 3 1 339 30
54459472 0 0 0 0 0
54459492 0 3 0 3 7
54459499 19 0 0 0 0
54459513 0 1 0 0 0
54459547 1 0 0 0 2
54459574 1 0 0 0 0
54459596 0 1 1 70 4
54459619 0 0 0 1 0
54459633 0 0 0 1 4
54459638 0 0 0 0 0
54459681 0 0 0 0 0
54459683 4 0 0 0 0
54459701 1 1 0 0 2
54459717 23 0 0 0 0
54459750 0 0 0 0 0
54459758 39 0 0 0 0
54459796 0 0 0 0 0
54459801 9 0 0 0 0
54459805 0 1 1 0 0
54459819 0 0 0 0 0
54459852 0 0 0 0 0
54459862 0 0 0 0 0
54459920 0 1 0 7 17
54459949 0 0 0 0 0
54459988 0 0 0 0 0
54459993 0 0 0 0 0
54460009 0 0 0 0 0
54460031 0 1 1 33 8
54460093 1105 0 1 0 0
54460128 0 0 0 0 0
54460139 6 0 1 0 0
54460145 0 0 0 0 0
54460155 13 0 0 4 0
54460162 0 0 0 0 0
54460186 0 1 1 0 0
54460226 7 0 0 0 0
54460234 20 1 0 15 2
54460254 0 0 0 0 2
54460298 0 0 0 0 0
54460303 437 0 0 15 0
54460356 0 0 1 0 0
54460388 0 1 1 66 3
54460418 0 0 0 0 2
54460434 6 0 0 0 0
54460435 0 0 1 4 3
54460443 0 0 0 0 2
54460485 0 3 0 9 9
54460510 0 1 1 2 0
54460527 47 0 0 0 0
54460544 0 1 0 68 22
54460592 0 1 0 0 0
54460616 0 1 1 6 23
54460653 0 1 0 22 0
54460660 0 1 0 0 1
54460667 0 0 0 7 1
54460697 12 0 0 0 0
54460714 478 1 1 1194 160
54460715 0 0 0 0 0
54460716 0 1 0 0 1
54460757 51 0 0 0 0
54460818 175 1 1 10 0
