54383789 0 0 0 0 0
54383888 0 0 0 0 0
54383908 0 0 0 0 0
54383946 0 0 0 0 0
54383979 0 0 0 0 0
54384124 0 0 0 0 0
54384243 0 0 0 0 0
54384271 0 0 0 0 0
54384358 0 0 0 0 0
54384393 0 4 1 133 31
54384542 0 0 0 0 0
54384637 0 0 0 0 0
54384678 0 0 0 0 0
54385014 0 0 1 0 0
54385072 0 0 0 0 0
54385189 0 0 0 0 0
54385236 0 0 0 0 0
54385284 0 0 0 0 0
54385304 0 0 0 0 0
54385538 0 0 0 0 0
54385584 0 0 0 0 0
54385675 0 0 0 0 0
54385764 0 0 0 0 0
54385858 0 0 0 0 0
54385880 0 0 0 0 0
54385928 0 0 0 0 0
54385952 0 0 0 0 0
54386034 0 0 0 0 0
54386092 0 0 0 0 0
54386112 0 0 0 0 0
54386172 0 0 0 0 0
54386196 0 0 0 0 0
54386300 0 0 0 0 0
54386320 0 0 0 0 0
54386532 0 0 0 0 0
54386589 0 0 0 0 0
54386655 0 0 0 0 0
54386758 0 0 0 0 0
54387018 0 0 0 0 0
54387032 0 0 0 0 0
54387083 0 0 1 0 0
54387093 0 0 0 0 0
54387142 0 0 0 0 0
54387207 0 0 0 0 0
54387322 0 0 0 0 0
54387553 0 0 0 0 0
54387841 0 0 0 0 0
54387917 0 1 0 0 1
54388184 0 0 0 0 0
54388431 160 0 0 0 0
54388499 0 0 0 0 0
54388634 0 0 0 0 0
54388651 0 0 0 0 0
54388772 0 0 0 0 0
54388928 0 0 0 0 0
54388996 0 0 0 0 0
54389019 0 0 1 0 0
54389122 0 0 0 0 0
54389281 0 0 0 0 0
54389402 0 0 0 0 0
54389446 0 0 0 0 0
54389752 0 0 0 0 0
54389769 0 0 0 0 0
54390158 0 0 0 0 0
54390292 0 0 0 0 0
54390405 0 0 0 0 0
54390602 0 2 0 0 2
54390979 0 0 0 0 0
54391186 0 0 0 0 0
54391499 0 2 0 7 1
54391530 0 0 0 0 0
54391619 0 0 0 0 0
54391799 0 0 0 0 0
54391823 0 0 0 0 0
54391896 0 2 1 67 23
54392170 0 0 0 0 0
54392264 0 0 0 0 0
54392293 0 0 0 0 0
54392378 9 0 0 0 0
54392479 0 0 0 0 0
54392481 0 0 0 0 0
54392536 0 0 0 0 0
54392601 0 0 0 0 0
54392845 1 0 0 0 0
54393124 0 0 0 0 0
54393205 0 0 0 0 0
54393254 0 0 0 0 0
54393399 0 4 1 6 19
54393672 0 0 0 0 0
54393674 0 0 0 0 0
54393779 0 0 0 0 0
54393840 0 0 0 0 0
54393883 0 0 0 0 0
54393919 0 0 0 0 0
54394059 0 0 0 0 0
54394203 0 0 0 0 0
54394286 0 0 0 0 0
54394408 0 0 0 0 0
54394578 0 0 0 0 0
54394602 0 0 0 0 0
54394677 0 0 0 0 0
54394687 0 1 0 0 3
54395173 0 0 0 0 0
54395359 0 0 0 0 0
54395366 0 0 0 0 0
54395384 0 0 0 0 0
54395456 0 0 0 0 0
54395472 0 0 0 0 0
54395919 0 0 0 0 0
54396017 0 0 0 0 0
54396128 0 0 0 0 0
54396130 0 3 1 0 7
54396284 0 0 0 0 0
54396336 0 0 0 0 0
54396390 1 0 0 0 0
54396467 0 0 0 0 0
54396498 0 0 0 0 0
54396569 0 0 0 0 0
54396580 0 0 0 0 0
54396640 0 0 0 0 0
54396643 0 1 1 0 0
54396920 0 0 0 0 0
54397029 0 0 0 0 0
54397093 445 1 1 0 2
54397107 0 0 0 0 0
54397161 0 0 0 0 0
54397286 0 1 1 0 2
54397421 0 0 0 0 0
54397459 0 0 0 0 0
54397462 0 0 0 0 0
54397496 0 0 0 0 0
54397611 0 0 0 0 0
54397831 0 0 0 0 0
54397911 0 0 0 0 0
54397942 0 0 0 0 0
54398097 0 0 0 0 0
54398545 0 0 0 0 0
54398565 0 0 0 0 0
54399086 0 0 0 0 0
54399170 0 0 0 0 0
54399470 0 0 0 0 0
54399557 0 0 0 0 0
54399627 0 0 0 0 0
54399650 0 0 0 0 0
54399883 0 0 0 0 0
54399920 0 0 0 0 0
54400037 0 0 0 0 0
54400099 0 0 0 0 0
54400228 0 0 0 0 0
54400260 0 0 0 0 0
54400408 0 0 0 0 0
54400415 0 0 0 0 0
54400420 0 0 0 0 0
54400471 0 0 0 0 0
54400620 0 0 0 0 0
54400650 0 0 0 0 0
54400713 0 0 0 0 0
54400719 0 0 0 0 0
54400960 0 0 0 0 0
54401035 0 0 0 0 0
54401063 905 0 1 433 6
54401198 0 0 0 0 0
54401258 0 0 0 0 0
54401272 0 0 0 0 0
54401307 0 0 0 0 0
54401351 0 0 0 0 0
54401384 0 0 0 0 0
54401389 0 0 0 0 0
54401453 0 0 0 0 0
54401457 0 0 0 0 0
54401617 0 0 0 0 0
54401684 0 0 0 0 0
54402251 0 0 0 0 0
54402417 0 4 1 0 1
54402624 0 0 0 0 0
54402707 0 0 0 0 0
54402987 0 0 0 0 0
54403000 0 0 0 0 0
54403068 0 0 0 0 0
54403091 0 0 0 0 0
54403145 0 4 1 4 32
54403253 0 0 0 0 0
54403365 0 0 0 0 0
54403552 0 0 0 0 0
54403829 0 0 0 0 0
54403906 0 0 0 0 0
54403976 0 0 0 0 0
54404029 0 0 0 0 0
54404261 0 0 0 0 0
54404389 0 0 0 0 0
54404453 0 0 0 0 0
54404548 0 0 0 0 0
54404573 0 0 0 0 0
54404575 0 1 0 0 3
54404628 0 1 1 0 0
54404772 0 2 1 5 2
54404804 0 0 0 0 0
54405071 85 0 0 0 0
54405197 0 0 0 0 0
54405403 0 0 0 0 0
54405489 0 0 0 0 0
54405653 0 0 0 0 0
54405750 0 0 1 0 0
54405836 0 0 0 0 0
54406007 0 0 0 0 0
54406132 0 0 0 0 0
54406228 0 0 0 0 0
54406301 0 0 0 0 0
54406335 0 0 0 0 0
54406447 107 0 1 0 0
54406557 0 0 0 0 0
54407232 0 4 0 14 19
54407248 0 0 0 0 0
54407276 0 4 1 0 0
54407289 0 0 0 0 0
54407369 0 0 0 0 0
54407632 0 0 0 0 0
54407712 0 0 0 0 0
54407714 0 0 0 0 0
54407724 0 0 0 0 0
54408336 0 0 0 0 0
54408412 0 0 0 0 0
54408962 0 0 0 0 0
54408966 0 0 0 0 0
54408999 0 0 0 0 0
54409340 0 0 0 0 0
54409434 0 0 0 0 0
54409512 0 0 0 0 0
54409552 0 0 0 0 0
54409554 0 0 0 0 0
54409616 0 0 0 0 0
54409743 0 0 0 0 0
54410013 0 0 0 0 0
54410192 0 0 0 0 0
54410206 0 0 0 0 0
54410311 0 1 0 0 0
54410330 0 0 0 0 0
54410497 0 0 0 0 0
54410733 0 0 0 0 0
54410953 0 0 1 0 0
54411572 0 1 0 0 0
54411987 0 0 0 0 0
54412237 0 0 0 0 0
54412437 0 0 0 0 0
54412720 0 0 0 0 0
54412726 0 0 0 0 0
54412815 0 0 0 0 0
54413008 0 0 0 0 0
54413024 0 2 0 135 53
54413038 0 0 0 0 0
54413080 0 0 0 0 0
54413246 0 0 0 0 0
54413253 0 0 0 0 0
54413333 0 0 0 0 0
54413337 0 0 0 0 0
54413401 17 0 1 3 0
54413411 0 0 0 0 0
54413434 0 0 0 0 0
54414022 0 0 0 0 0
54414211 0 0 0 0 0
54414235 0 0 0 0 0
54414368 0 0 0 0 0
54414618 0 0 0 0 0
54414809 0 0 0 0 0
54415514 0 0 0 0 0
54415532 1 0 0 0 0
54415611 0 0 0 0 0
54415620 0 0 0 0 0
54416030 0 0 0 0 0
54416049 9 0 1 8 0
54416207 242 0 1 0 0
54416262 0 0 0 0 0
54416302 0 0 0 0 0
54416585 0 0 0 0 0
54416716 0 0 0 0 0
54416807 0 0 0 0 0
54416937 0 0 0 0 0
54416977 0 0 1 12 3
54417066 0 0 0 0 0
54417119 0 0 0 0 0
54417239 0 0 0 0 0
54417449 0 2 0 0 0
54417688 0 0 0 0 0
54417754 0 0 0 0 0
54417841 0 0 0 0 0
54418109 0 0 0 0 0
54418127 0 0 0 0 0
54418160 0 0 0 0 0
54418163 0 0 0 0 0
54418357 0 0 0 0 0
54418370 0 0 0 0 0
54418441 0 2 1 0 0
54418640 0 0 0 0 0
54418647 0 0 0 0 0
54418772 0 0 0 0 0
54418846 0 0 0 0 0
54419343 0 1 0 0 1
54419781 0 1 1 83 28
54419998 0 0 0 0 0
54420043 0 0 0 0 0
54420117 0 0 0 0 0
54420249 0 0 0 0 0
54420253 0 0 0 0 0
54420329 0 0 0 0 0
54420365 0 0 0 0 0
54420594 0 0 0 0 0
54420800 0 0 0 0 0
54420826 40 0 1 44 0
54420831 0 0 1 0 0
54421223 0 0 0 0 0
54421246 0 3 1 0 23
54421265 0 0 0 0 0
54421437 0 0 0 0 0
54421463 0 0 0 0 0
54421633 23 1 1 21 1
54421959 0 0 0 0 0
54421969 0 0 1 0 0
54421973 0 0 0 0 0
54421984 0 0 0 0 0
54421997 0 0 0 0 0
54422024 0 0 0 0 0
54422039 0 0 0 0 0
54422185 0 0 0 0 0
54422191 0 0 0 0 0
54422231 0 0 0 0 0
54422292 0 0 0 0 0
54422346 0 0 0 0 0
54422528 78 0 0 0 0
54422552 0 0 0 0 0
54422605 0 0 0 0 0
54422633 3 0 0 0 0
54422685 0 0 0 0 0
54422873 3 0 0 0 0
54422884 0 0 1 0 0
54422927 0 0 0 0 0
54423024 0 0 0 0 0
54423294 40 0 0 0 0
54423496 0 0 0 0 0
54423587 0 0 0 0 0
54423625 0 0 0 0 0
54423681 0 0 0 0 0
54423864 0 0 0 0 0
54424183 113 0 1 0 0
54424276 0 0 0 0 0
54424430 0 0 0 0 0
54424663 0 0 0 0 0
54424704 0 0 0 0 0
54424730 0 0 0 0 0
54424983 0 0 0 0 0
54425187 0 0 0 2 0
54425287 0 0 0 0 0
54425401 0 0 0 0 0
54425473 0 0 0 0 0
54425497 95 0 0 0 0
54425573 0 0 0 0 0
54425640 0 0 0 0 0
54425674 0 0 0 0 0
54425692 0 0 0 0 0
54425857 0 0 0 0 0
54425892 0 0 0 0 0
54426027 0 0 0 0 0
54426421 0 0 0 0 0
54426463 0 0 0 0 0
54426788 0 0 0 0 0
54427000 956 0 1 1303 0
54427094 0 0 0 0 0
54427111 0 1 1 0 0
54427604 0 0 0 0 0
54427634 0 0 0 0 0
54427817 0 0 0 0 0
54428129 0 0 0 0 0
54428291 0 0 0 0 0
54428448 0 0 0 0 0
54428836 0 0 0 0 0
54428971 0 0 0 0 0
54429005 0 0 0 0 0
54429035 0 0 0 0 0
54429068 0 0 0 0 0
54429254 0 0 0 0 0
54429625 0 0 0 0 0
54430037 0 0 0 0 0
54430221 0 4 1 2 3
54430236 0 0 0 0 0
54430262 0 0 0 0 0
54430340 0 0 0 0 0
54430349 0 0 0 0 0
54430387 0 0 0 0 0
54430473 0 0 0 0 0
54430486 0 0 0 0 0
54430654 0 0 0 0 0
54430660 0 0 0 0 0
54430950 0 0 0 0 0
54431031 10 0 1 0 0
54431293 0 4 1 0 24
54431375 85 0 0 0 0
54431637 554 0 1 0 0
54431665 0 0 0 0 0
54431770 8 0 1 0 0
54431823 0 0 0 0 0
54432097 0 1 0 0 1
54432134 0 0 0 0 0
54432252 0 0 0 0 0
54432392 0 0 0 0 0
54432448 0 0 0 0 0
54432455 0 0 0 0 0
54432566 0 0 0 0 0
54432613 0 0 0 0 0
54432748 0 0 0 0 0
54432900 0 0 0 0 0
54432930 0 0 0 0 0
54433218 0 0 0 0 0
54433549 0 0 0 0 0
54433662 0 0 0 0 0
54433820 1 0 0 0 0
54433839 0 0 1 0 0
54434094 12 0 0 0 0
54434360 0 0 0 0 0
54434371 0 0 0 0 0
54434586 0 0 0 0 0
54434701 0 0 0 0 0
54434774 0 0 0 0 0
54435004 0 0 0 0 0
54435169 0 0 0 0 0
54435403 0 0 0 0 0
54435565 0 0 0 0 0
54435684 0 0 0 0 0
54435766 0 0 0 0 0
54435784 0 0 0 0 0
54435854 0 0 0 0 0
54435952 0 0 0 0 0
54436111 0 0 0 0 0
54436214 0 0 0 0 0
54436218 0 0 0 0 0
54436257 0 0 0 0 0
54436332 0 0 0 0 0
54436507 0 0 0 0 0
54436928 0 0 0 0 0
54436941 0 0 0 0 0
54436950 0 0 0 0 0
54437013 0 0 0 0 0
54437210 0 0 0 0 0
54437256 0 0 0 0 0
54437294 0 0 0 0 0
54437357 0 0 0 0 0
54437371 0 0 0 0 0
54437420 0 0 0 0 0
54437473 0 0 0 0 0
54437662 0 0 0 0 0
54437812 0 0 0 0 0
54437880 0 0 0 0 0
54438152 0 0 0 0 0
54438211 0 0 0 0 0
54438314 0 0 0 0 0
54438465 0 0 0 0 0
54438482 0 0 0 0 0
54438665 0 0 0 0 0
54439179 0 0 0 0 0
54439193 0 0 0 0 0
54439349 0 2 0 0 2
54439375 0 0 0 0 0
54439585 0 0 0 0 0
54439602 0 0 0 0 0
54439698 0 0 0 0 0
54439934 0 0 0 0 0
54440038 0 1 0 8 0
54440295 0 0 0 0 0
54440324 0 0 0 0 0
54440337 0 0 0 0 0
54440441 0 0 0 0 0
54440493 0 0 0 0 0
54440525 0 0 0 0 0
54440702 0 0 0 0 0
54440786 0 0 0 0 0
54440841 0 0 0 0 0
54441443 0 0 0 0 0
54441801 0 3 1 0 4
54442027 1 1 1 0 2
54442087 0 0 0 0 0
54442109 0 0 0 0 0
54442277 0 0 0 0 0
54442296 0 0 0 0 0
54442388 2 0 0 0 0
54442548 0 0 0 0 0
54442726 0 0 0 0 0
54442819 0 0 0 0 0
54443169 0 0 0 0 0
54443386 0 0 0 0 0
54443517 0 0 0 0 0
54443596 0 0 0 0 0
54443677 0 0 0 0 0
54443697 0 0 0 0 0
54443716 0 0 0 0 0
54443762 0 0 0 0 0
54443883 0 0 0 0 0
54443923 0 0 0 0 0
54444087 0 0 0 0 0
54444115 0 0 0 0 0
54444303 0 0 0 0 0
54444394 0 0 0 0 0
54444469 0 0 0 0 0
54444476 0 0 0 0 0
54444618 0 0 0 0 0
54444757 0 1 0 0 0
54444853 0 0 0 0 0
54444859 0 0 0 0 0
54445027 0 0 0 0 0
54445039 0 2 0 0 1
54445193 0 0 0 0 0
54445261 0 0 0 0 0
54445321 0 0 0 0 0
54445381 0 0 0 0 0
54445454 0 0 0 0 0
54445497 0 2 0 0 1
54445569 0 0 0 0 0
54445777 0 0 0 0 0
54445832 0 0 0 0 0
54445897 0 0 0 0 0
54445918 0 0 0 0 0
54446018 0 0 0 0 0
54446343 0 0 0 0 0
54446393 0 0 0 0 0
54446586 0 0 0 0 0
54446673 0 0 0 0 0
54446727 0 0 0 0 0
54446843 0 0 0 0 0
54446996 0 0 0 0 0
54447276 0 0 0 0 0
54447355 0 0 0 0 0
54447358 0 0 0 0 0
54447505 0 0 1 0 0
54447581 0 0 0 0 0
54447590 0 0 0 0 0
54447596 0 0 0 0 0
54447626 0 0 0 0 0
54447757 0 0 0 0 0
54448068 0 0 0 0 0
54448127 0 0 0 0 0
54448236 0 0 0 0 0
54448401 0 1 0 0 0
54448536 0 0 0 0 0
54448623 0 0 0 0 0
54448735 0 0 0 0 0
54448807 0 0 0 0 0
54448838 0 0 0 0 0
54449119 0 0 0 0 0
54449141 0 0 0 0 0
54449171 0 0 0 0 0
54449240 0 0 0 0 0
54449280 0 0 0 0 0
54449638 0 0 0 0 0
54449721 0 0 0 0 0
54449727 0 0 0 0 0
54449803 0 0 0 0 0
54449969 0 0 0 0 0
54450001 0 1 0 0 0
54450204 0 0 0 0 0
54450270 0 0 0 0 0
54450441 0 0 0 0 0
54450491 0 0 0 0 0
54450681 0 0 0 0 0
54450812 0 0 0 0 0
54450841 0 0 0 0 0
54450878 0 0 0 0 0
54450921 0 0 0 0 0
54450948 0 0 0 0 0
54451259 0 0 0 0 0
54451465 0 0 0 0 0
54451586 0 0 1 0 1
54451595 0 0 0 0 0
54451603 0 0 0 0 0
54451720 0 0 0 0 0
54452476 0 0 0 0 0
54452683 0 0 0 0 0
54452707 0 0 0 0 0
54452722 0 0 0 0 0
54452920 0 0 0 0 0
54453112 0 0 0 0 0
54453243 0 0 0 0 0
54453255 0 0 0 0 0
54453405 0 0 0 0 0
54453607 0 0 0 0 0
54453750 0 0 0 0 0
54453886 0 0 0 0 0
54453912 0 0 0 0 0
54454067 0 0 0 0 0
54454158 0 0 0 0 0
54454178 0 3 0 5 3
54454314 0 0 0 0 0
54454317 0 0 0 0 0
54454336 0 0 0 0 0
54454429 0 1 0 0 0
54454465 0 0 0 0 0
54454504 0 0 0 0 0
54455033 0 0 0 0 0
54455093 0 0 0 0 0
54455094 0 0 0 0 0
54455138 0 0 0 0 0
54455328 0 0 0 0 0
54455469 0 0 0 0 0
54455475 0 0 0 0 0
54455652 0 0 0 0 0
54455748 0 0 0 0 0
54455986 0 0 0 0 0
54456049 0 0 0 0 0
54456195 0 0 1 0 1
54456208 11 0 1 0 0
54456283 0 0 0 0 0
54456442 0 0 1 0 0
54456577 0 0 0 0 0
54456606 0 0 0 0 0
54456609 0 0 0 0 0
54456663 0 0 1 0 0
54456710 6 1 0 0 1
54456915 0 0 0 0 0
54456921 0 0 0 0 0
54457000 0 0 1 0 0
54457329 0 0 0 0 0
54457461 0 0 0 0 0
54457535 0 0 0 0 0
54457538 0 0 0 0 0
54457554 0 0 1 0 0
54457795 0 0 0 0 0
54458135 0 0 0 0 0
54458161 0 0 0 0 0
54458221 0 0 0 0 0
54458310 0 0 0 0 0
54458411 0 0 0 0 0
54458576 0 0 0 0 0
54458659 0 0 0 0 0
54458691 0 0 0 0 0
54458771 0 0 0 0 0
54458849 0 0 0 0 0
54459021 0 0 0 0 0
54459066 0 0 0 0 0
54459216 0 0 0 0 0
54459251 0 0 0 0 0
54459423 0 0 0 0 0
54459727 0 0 1 1 1
54459867 0 0 0 0 0
54459882 0 0 0 0 0
54460008 0 2 0 0 4
54460110 0 0 0 0 0
54460159 0 0 0 0 2
54460164 0 0 0 0 0
54460181 0 0 0 0 0
54460191 0 0 0 0 0
54460206 0 0 0 0 0
54460253 0 1 0 0 3
54460266 0 0 0 0 0
54460304 0 0 0 0 0
54460383 0 0 0 0 1
54460452 0 0 0 0 1
54460456 0 0 0 0 1
54460513 0 0 0 0 1
54460569 0 0 0 0 1
54460585 0 0 0 0 1
54460687 0 0 0 0 1
54460800 0 0 0 0 1
