54383794 0 0 0 0 0
54383857 0 0 0 0 0
54383944 0 0 1 0 0
54384037 0 0 1 0 0
54384055 0 0 1 0 0
54384103 0 0 0 0 0
54384111 0 0 0 0 0
54384117 0 0 0 0 0
54384133 0 0 1 18 0
54384146 0 0 1 6 0
54384244 0 0 0 0 0
54384259 0 0 1 0 0
54384280 0 0 1 12 0
54384289 0 0 0 0 0
54384340 0 0 0 0 0
54384449 0 0 1 0 0
54384471 0 0 0 0 0
54384568 0 0 1 0 0
54384581 0 0 0 0 0
54384677 0 0 0 0 0
54384679 0 0 1 34 0
54384697 0 0 0 0 0
54384704 0 0 1 0 0
54384709 0 0 1 0 0
54384808 0 0 1 0 0
54384917 0 0 1 12 0
54385152 0 0 0 0 0
54385203 0 0 1 0 0
54385231 0 0 1 4 0
54385352 0 0 0 0 0
54385356 0 0 1 0 0
54385476 0 0 0 0 0
54385521 0 0 0 0 0
54385575 0 0 0 0 0
54385608 0 0 0 0 0
54385669 0 0 0 0 0
54385706 0 0 0 6 0
54385720 0 0 0 0 0
54385788 0 0 0 0 0
54385789 0 0 1 0 0
54385842 0 0 1 12 0
54385985 0 0 0 0 0
54386001 0 0 1 0 0
54386029 0 0 0 0 0
54386396 0 0 1 0 0
54386428 0 0 1 0 0
54386625 0 0 1 0 0
54386842 0 0 0 0 0
54386873 0 0 1 0 0
54386955 0 0 0 0 0
54386964 0 0 0 0 0
54386970 0 0 0 0 0
54386973 0 0 0 0 0
54387076 0 0 0 0 0
54387326 0 0 0 0 0
54387550 0 0 0 0 0
54387712 0 0 1 0 0
54387717 0 0 0 0 0
54387964 0 0 0 0 0
54388158 0 0 1 0 0
54388256 0 0 0 0 0
54388272 0 0 0 0 0
54388440 0 0 0 0 0
54388443 0 0 1 0 0
54388666 0 0 0 0 0
54388844 0 0 0 0 0
54388861 0 0 1 0 0
54389124 0 0 1 0 0
54389154 0 0 1 0 0
54389418 0 0 0 0 0
54389683 0 0 0 0 0
54389737 0 0 0 0 0
54389851 0 0 1 0 0
54389962 0 0 0 0 0
54389991 0 0 0 0 0
54390053 0 0 0 0 0
54390173 0 0 0 0 0
54390262 0 0 1 0 0
54390266 0 0 1 5 0
54390453 0 0 1 0 0
54390504 0 0 1 0 0
54390583 0 0 0 0 0
54390629 0 0 0 0 0
54390703 0 0 0 0 0
54390722 0 0 1 0 0
54390775 0 0 1 0 0
54390803 0 0 0 0 0
54390804 0 0 0 0 0
54390825 0 0 1 0 0
54390864 0 0 0 0 0
54390898 0 0 0 0 0
54391013 0 0 1 10 0
54391094 0 0 0 0 0
54391133 0 0 1 0 0
54391193 0 0 1 0 0
54391195 0 0 1 0 0
54391265 0 0 0 0 0
54391284 0 0 1 0 0
54391291 0 0 0 91 0
54391306 0 0 1 1 0
54391309 0 0 1 0 0
54391321 0 0 0 0 0
54391324 0 0 1 12 0
54391371 0 0 1 0 0
54391408 0 0 1 0 0
54391452 0 0 1 39 0
54391476 0 0 0 0 0
54391502 0 0 0 0 0
54391511 0 0 1 0 0
54391519 0 0 1 0 0
54391546 0 0 1 0 0
54391547 0 0 1 0 0
54391587 0 0 1 0 0
54391604 0 0 1 0 0
54391627 0 0 1 7 0
54391637 0 0 0 0 0
54391669 0 0 1 0 0
54391730 0 0 0 0 0
54391744 0 0 1 96 0
54391834 0 0 0 0 0
54391868 0 0 0 0 0
54391919 0 0 1 0 0
54391939 0 0 0 0 0
54391967 0 0 0 0 0
54392013 0 0 0 0 0
54392040 0 0 0 0 0
54392074 0 0 0 0 0
54392104 0 0 1 0 0
54392159 0 0 1 0 0
54392162 0 0 1 0 0
54392213 0 0 1 0 0
54392217 0 0 0 30 0
54392243 0 0 1 0 0
54392390 0 0 1 0 0
54392394 0 0 0 0 0
54392398 0 0 0 0 0
54392419 0 0 0 0 0
54392435 0 0 1 10 0
54392463 0 0 1 18 0
54392474 0 0 1 12 0
54392498 0 0 0 0 0
54392513 0 0 1 210 0
54392530 0 0 1 0 0
54392605 0 0 0 0 0
54392673 0 0 1 0 0
54392688 18 0 1 39 0
54392694 0 0 0 0 0
54392698 0 0 0 0 0
54392746 0 0 1 0 0
54392755 0 0 0 0 0
54392786 0 0 1 0 0
54392805 0 0 1 0 0
54392816 0 0 0 0 0
54392832 0 0 1 0 0
54392860 0 0 0 0 0
54392899 0 0 1 10 0
54392912 0 0 0 0 0
54392920 0 0 1 0 0
54392948 0 0 1 0 0
54393024 0 0 0 0 0
54393065 0 0 0 0 0
54393078 0 0 0 0 0
54393088 0 0 1 13 0
54393104 0 0 0 0 0
54393121 0 0 1 0 0
54393122 0 0 0 0 0
54393125 0 0 1 0 0
54393128 0 0 0 0 0
54393137 0 0 0 0 0
54393140 0 0 1 0 0
54393161 0 0 0 0 0
54393162 0 0 0 0 0
54393185 0 0 1 0 0
54393190 0 0 1 20 0
54393193 0 0 0 0 0
54393196 0 0 1 0 0
54393208 0 0 0 0 0
54393210 0 0 0 0 0
54393213 0 0 0 0 0
54393256 0 0 0 0 0
54393265 0 0 1 0 0
54393276 0 0 1 0 0
54393355 0 0 1 0 0
54393370 0 0 0 0 0
54393376 0 0 0 179 0
54393392 0 0 1 0 0
54393396 0 0 1 14 0
54393433 0 0 1 0 0
54393440 0 0 1 0 0
54393453 0 0 1 0 0
54393551 0 0 1 0 0
54393556 0 0 1 18 0
54393577 0 0 1 0 0
54393663 0 0 0 0 0
54393696 0 0 1 0 0
54393782 0 0 0 0 0
54393815 0 0 0 0 0
54393823 0 0 1 0 0
54393848 0 0 1 6 0
54393850 0 0 1 0 0
54393864 0 0 0 0 0
54393944 0 0 1 0 0
54393971 0 0 1 0 0
54393983 0 0 0 0 0
54393985 0 0 1 0 0
54393988 0 0 0 0 0
54393995 0 0 0 0 0
54394043 0 0 0 0 0
54394097 0 0 0 0 0
54394115 0 0 0 0 0
54394154 0 0 0 0 0
54394169 0 0 1 0 0
54394172 0 0 1 0 0
54394185 0 0 0 0 0
54394187 0 0 1 0 0
54394193 0 0 1 0 0
54394215 0 0 0 0 0
54394229 0 0 0 0 0
54394252 0 0 1 0 0
54394293 0 0 1 0 0
54394304 0 0 0 0 0
54394308 0 0 1 0 0
54394316 0 0 1 0 0
54394323 0 0 1 12 0
54394325 0 0 1 0 0
54394346 0 0 1 24 0
54394350 0 0 1 0 0
54394357 0 0 1 0 0
54394369 0 0 0 0 0
54394370 0 0 1 180 0
54394385 0 0 0 1 0
54394409 0 0 1 0 0
54394418 0 0 1 0 0
54394433 0 0 0 0 0
54394439 0 0 1 0 0
54394534 0 0 0 0 0
54394618 0 0 0 0 0
54394631 0 0 0 0 0
54394642 0 0 0 0 0
54394669 0 0 1 0 0
54394731 0 0 1 21 0
54394754 0 0 1 0 0
54394762 0 0 0 6 0
54394777 0 0 1 0 0
54394781 0 0 1 0 0
54394783 0 0 1 0 0
54394804 0 0 1 0 0
54394816 0 0 0 0 0
54394826 0 0 1 0 0
54394927 0 0 1 0 0
54394944 0 0 0 0 0
54394947 0 0 0 0 0
54394967 0 0 1 0 0
54395034 0 0 1 7 0
54395060 0 0 0 0 0
54395073 0 0 1 27 0
54395084 0 0 0 0 0
54395092 0 0 1 0 0
54395141 0 0 1 0 0
54395155 0 0 1 0 0
54395177 0 0 1 18 0
54395188 0 0 1 0 0
54395203 0 0 0 0 0
54395213 0 0 0 0 0
54395218 0 0 0 0 0
54395226 0 0 1 3 0
54395232 0 0 0 0 0
54395240 0 0 0 0 0
54395259 0 0 0 0 0
54395267 0 0 1 0 0
54395285 0 0 0 0 0
54395358 0 0 1 0 0
54395391 0 0 1 0 0
54395401 0 0 0 0 0
54395408 0 0 1 0 0
54395414 0 0 0 0 0
54395419 0 0 0 0 0
54395430 0 0 0 0 0
54395432 0 0 1 0 0
54395462 0 0 0 0 0
54395477 0 0 0 0 0
54395495 0 0 0 0 0
54395523 0 0 0 0 0
54395531 0 0 0 0 0
54395549 0 0 1 0 0
54395586 0 0 0 0 0
54395603 0 0 1 0 0
54395609 0 0 1 18 0
54395616 0 0 0 0 0
54395624 0 0 0 0 0
54395657 0 0 1 0 0
54395712 0 0 1 0 0
54395723 0 0 1 0 0
54395749 0 0 0 0 0
54395760 0 0 1 18 0
54395767 0 0 1 0 0
54395771 0 0 1 0 0
54395817 0 0 1 0 0
54395835 0 0 1 0 0
54395840 0 0 1 0 0
54395857 0 0 0 0 0
54395866 0 0 0 0 0
54395882 0 0 0 0 0
54395906 0 0 0 0 0
54395907 0 0 0 0 0
54395924 0 0 0 0 0
54395945 0 0 0 0 0
54395965 0 0 0 0 0
54395969 0 0 1 0 0
54395975 0 0 0 0 0
54395991 0 0 0 0 0
54395996 0 0 0 0 0
54396003 0 0 1 0 0
54396021 0 0 0 0 0
54396028 0 0 1 0 0
54396033 0 0 1 0 0
54396047 0 0 1 0 0
54396070 0 0 1 0 0
54396110 0 0 0 6 0
54396137 0 0 1 0 0
54396146 0 0 1 0 0
54396166 0 0 0 0 0
54396209 0 0 0 0 0
54396213 0 0 1 0 0
54396228 0 0 1 10 0
54396232 0 0 0 0 0
54396240 0 0 1 0 0
54396263 0 0 1 0 0
54396266 0 0 1 0 0
54396281 0 0 0 0 0
54396296 0 0 0 0 0
54396343 0 0 1 0 0
54396350 0 0 1 0 0
54396360 0 0 1 0 0
54396365 0 0 0 0 0
54396405 0 0 1 27 0
54396411 0 0 0 0 0
54396429 0 0 0 0 0
54396434 0 0 1 0 0
54396451 0 0 1 0 0
54396483 0 0 1 0 0
54396497 0 0 0 0 0
54396512 0 0 1 0 0
54396519 0 0 1 0 0
54396525 0 0 1 10 0
54396551 0 0 0 0 0
54396556 0 0 0 6 0
54396579 0 0 1 170 0
54396589 0 0 1 0 0
54396607 0 0 0 0 0
54396621 0 0 0 10 0
54396630 0 0 0 0 0
54396651 0 0 1 0 0
54396716 0 0 1 0 0
54396740 0 0 1 0 0
54396752 0 0 1 0 0
54396754 0 0 1 0 0
54396761 0 0 1 0 0
54396776 0 0 1 0 0
54396777 0 0 0 0 0
54396792 0 0 1 0 0
54396805 0 0 0 0 0
54396811 0 0 1 0 0
54396893 0 0 1 0 0
54396894 0 0 0 0 0
54396908 0 0 1 0 0
54396922 0 0 1 0 0
54396932 0 0 0 0 0
54396945 0 0 0 0 0
54396981 0 0 0 0 0
54397038 0 0 0 0 0
54397052 0 0 1 0 0
54397061 0 0 0 0 0
54397068 0 0 0 0 0
54397083 0 0 0 0 0
54397110 0 0 0 0 0
54397129 0 0 1 0 0
54397164 0 0 1 0 0
54397170 0 0 1 0 0
54397171 0 0 0 0 0
54397176 0 0 0 0 0
54397182 0 0 1 0 0
54397185 0 0 1 0 0
54397195 0 0 1 0 0
54397201 0 0 1 0 0
54397215 0 0 0 0 0
54397218 0 0 1 0 0
54397239 0 0 0 0 0
54397247 0 0 0 0 0
54397271 0 0 1 0 0
54397275 0 0 1 0 0
54397278 0 0 1 0 0
54397294 0 0 0 0 0
54397301 0 0 0 0 0
54397304 0 0 0 0 0
54397312 0 0 1 0 0
54397347 0 0 0 0 0
54397402 0 0 1 12 0
54397405 0 0 1 0 0
54397412 0 0 0 0 0
54397417 0 0 1 0 0
54397436 0 0 1 0 0
54397437 0 0 1 0 0
54397448 0 0 0 0 0
54397453 0 0 1 12 0
54397458 0 0 0 0 0
54397471 0 0 0 0 0
54397474 0 0 0 0 0
54397478 0 0 0 0 0
54397480 0 0 0 0 0
54397499 0 0 0 0 0
54397539 0 0 1 0 0
54397550 0 0 1 0 0
54397552 0 0 0 0 0
54397563 0 0 1 12 0
54397566 0 0 1 0 0
54397568 0 0 1 0 0
54397584 0 0 0 0 0
54397593 0 0 0 0 0
54397604 0 0 0 0 0
54397626 0 0 0 0 0
54397629 0 0 1 0 0
54397632 0 0 0 0 0
54397650 0 0 0 0 0
54397675 0 0 0 0 0
54397682 0 0 1 12 0
54397720 0 0 1 8 0
54397721 0 0 0 0 0
54397728 0 0 0 0 0
54397729 0 0 1 12 0
54397746 0 0 1 0 0
54397754 0 0 1 0 0
54397765 0 0 1 0 0
54397773 0 0 1 29 0
54397785 0 0 0 0 0
54397788 0 0 1 0 0
54397863 0 0 1 0 0
54397883 0 0 1 12 0
54397896 0 0 1 0 0
54397905 0 0 0 0 0
54397912 0 0 0 0 0
54397914 0 0 0 0 0
54397938 0 0 1 0 0
54397944 0 0 0 0 0
54397952 0 0 0 0 0
54397958 0 0 0 0 0
54397960 0 0 1 0 0
54397970 0 0 0 0 0
54397977 0 0 0 0 0
54397986 0 0 1 0 0
54397990 0 0 0 0 0
54397998 0 0 1 0 0
54398002 0 0 1 0 0
54398005 0 0 0 0 0
54398022 0 0 0 0 0
54398027 0 0 1 0 0
54398030 0 0 1 0 0
54398087 0 0 1 0 0
54398094 0 0 0 0 0
54398102 0 0 0 0 0
54398105 0 0 0 0 0
54398138 0 0 0 0 0
54398164 0 0 1 0 0
54398174 0 0 0 0 0
54398181 0 0 1 0 0
54398186 0 0 1 0 0
54398196 0 0 1 0 0
54398197 0 0 1 0 0
54398220 0 0 1 0 0
54398222 0 0 0 0 0
54398225 0 0 1 0 0
54398227 0 0 1 0 0
54398238 0 0 1 0 0
54398239 0 0 1 0 0
54398256 0 0 0 0 0
54398261 0 0 1 0 0
54398288 0 0 1 12 0
54398298 0 0 1 0 0
54398300 0 0 0 0 0
54398318 0 0 0 0 0
54398356 0 0 0 0 0
54398358 0 0 0 0 0
54398376 0 0 0 0 0
54398386 0 0 0 0 0
54398415 0 0 1 0 0
54398433 0 0 0 0 0
54398434 0 0 0 0 0
54398448 0 0 1 0 0
54398459 0 0 0 0 0
54398465 0 0 1 0 0
54398467 0 0 0 0 0
54398485 0 0 1 0 0
54398490 0 0 1 12 0
54398496 0 0 0 0 0
54398503 0 0 0 0 0
54398522 0 0 0 0 0
54398530 0 0 1 18 0
54398542 0 0 1 0 0
54398623 0 0 0 0 0
54398646 0 0 0 0 0
54398652 0 0 0 0 0
54398655 0 0 1 0 0
54398673 0 0 0 0 0
54398695 0 0 0 0 0
54398717 0 0 1 0 0
54398722 0 0 1 10 0
54398738 0 0 0 0 0
54398749 0 0 0 0 0
54398774 0 0 0 0 0
54398790 0 0 1 0 0
54398811 0 0 0 0 0
54398814 0 0 0 0 0
54398832 0 0 1 0 0
54398838 0 0 1 18 0
54398843 0 0 1 0 0
54398857 0 0 1 0 0
54398860 0 0 0 0 0
54398878 0 0 0 6 0
54398888 0 0 1 0 0
54398895 0 0 0 0 0
54398921 0 0 1 10 0
54398932 0 0 0 0 0
54398971 0 0 0 0 0
54398986 0 0 1 0 0
54399003 0 0 1 0 0
54399019 0 0 1 145 0
54399052 0 0 1 6 0
54399060 0 1 1 15 3
54399067 0 0 1 0 0
54399091 0 0 0 0 0
54399105 0 0 1 0 0
54399106 0 0 0 0 0
54399152 0 0 1 10 0
54399165 0 0 1 24 0
54399175 0 0 1 0 0
54399191 0 0 0 0 0
54399192 0 0 1 0 0
54399214 0 0 0 0 0
54399244 0 0 1 0 0
54399259 0 0 0 0 0
54399262 0 0 1 0 0
54399268 0 0 1 0 0
54399292 0 0 0 0 0
54399307 0 0 1 18 0
54399322 0 0 1 0 0
54399347 0 0 0 0 0
54399438 0 0 1 18 0
54399457 0 0 1 12 0
54399465 0 0 0 0 0
54399468 0 0 1 0 0
54399471 0 0 1 12 0
54399507 0 0 1 10 0
54399513 0 0 1 0 0
54399522 0 0 1 12 0
54399529 0 0 1 0 0
54399535 0 0 0 0 0
54399536 0 0 0 0 0
54399543 0 0 1 0 0
54399545 0 0 0 0 0
54399547 0 0 1 0 0
54399578 0 0 1 18 0
54399585 0 0 1 25 0
54399594 0 0 0 0 0
54399604 0 0 0 0 0
54399611 0 0 1 12 0
54399615 0 0 0 0 0
54399631 0 0 0 0 0
54399632 0 0 1 0 0
54399649 0 0 0 0 0
54399666 0 0 0 0 0
54399700 0 0 0 0 0
54399704 0 0 0 0 0
54399711 0 0 0 0 0
54399720 0 0 1 0 0
54399726 0 0 0 0 0
54399730 0 0 1 12 0
54399734 0 0 0 0 0
54399741 0 0 0 0 0
54399749 0 0 1 0 0
54399753 0 0 1 11 0
54399756 0 0 0 0 0
54399776 0 0 1 0 0
54399810 0 0 1 0 0
54399833 0 0 1 0 0
54399836 0 0 1 0 0
54399840 0 0 0 0 0
54399843 0 0 0 0 0
54399866 0 0 0 2 0
54399885 0 0 0 0 0
54399893 0 0 0 0 0
54399899 0 0 1 22 0
54399919 0 0 1 18 0
54399923 0 0 1 0 0
54399932 0 0 1 0 0
54399933 0 0 1 0 0
54399935 0 0 0 0 0
54399936 0 0 1 0 0
54399937 0 0 1 12 0
54399945 0 0 1 12 0
54399986 0 0 1 0 0
54400026 0 0 1 0 0
54400042 0 0 1 0 0
54400061 0 0 1 0 0
54400068 0 0 0 0 0
54400072 0 0 0 0 0
54400074 0 0 1 0 0
54400100 0 0 1 18 0
54400116 21 0 1 24 0
54400124 0 0 1 0 0
54400126 0 0 1 0 0
54400127 3 0 1 1 0
54400184 0 0 0 0 0
54400190 0 0 0 0 0
54400191 0 0 1 18 0
54400201 0 0 0 0 0
54400234 0 0 1 0 0
54400236 0 0 1 0 0
54400265 0 0 1 0 0
54400304 0 0 1 0 0
54400308 0 0 0 0 0
54400309 0 0 0 0 0
54400321 0 0 1 0 0
54400340 0 0 1 0 0
54400352 0 0 0 0 0
54400354 0 0 1 0 0
54400355 0 0 1 0 0
54400367 0 0 1 19 0
54400371 0 0 1 0 0
54400377 0 0 1 0 0
54400388 0 0 0 0 0
54400395 0 0 0 0 0
54400401 0 0 1 0 0
54400426 0 0 1 0 0
54400458 0 0 0 0 0
54400463 0 0 1 0 0
54400470 0 0 0 0 0
54400492 0 0 0 0 0
54400493 0 0 1 121 0
54400508 0 0 0 0 0
54400510 0 0 0 0 0
54400528 0 0 1 0 0
54400543 0 0 1 0 0
54400574 0 0 0 0 0
54400599 0 0 1 10 0
54400602 0 0 0 0 0
54400618 0 0 0 0 0
54400648 0 0 1 10 0
54400658 0 0 1 0 0
54400702 0 0 0 0 0
54400708 0 0 0 0 0
54400725 0 0 1 0 0
54400732 0 0 0 0 0
54400751 0 0 1 0 0
54400776 0 0 1 3 0
54400781 0 0 1 0 0
54400782 0 0 0 0 0
54400799 0 0 0 0 0
54400828 0 0 1 0 0
54400830 0 0 0 0 0
54400873 0 0 1 0 0
54400877 0 0 1 18 0
54400880 0 0 1 12 0
54400882 0 0 0 26 0
54400884 0 0 0 0 0
54400913 0 0 1 0 0
54400918 0 0 1 0 0
54400945 0 0 0 0 0
54400951 0 0 0 0 0
54400964 0 0 0 0 0
54400978 0 0 0 0 0
54401033 0 0 0 0 0
54401052 0 0 1 12 0
54401080 0 0 0 0 0
54401081 0 0 1 0 0
54401082 0 0 0 0 0
54401083 0 0 1 0 0
54401085 0 0 1 2 0
54401087 0 0 1 12 0
54401103 0 0 1 0 0
54401197 0 0 0 0 0
54401199 0 0 0 0 0
54401216 0 0 1 0 0
54401241 0 0 1 0 0
54401245 0 0 1 36 0
54401252 0 0 1 0 0
54401269 0 0 0 0 0
54401285 0 0 1 12 0
54401324 0 0 1 0 0
54401333 0 0 0 0 0
54401361 0 0 1 0 0
54401366 0 0 1 0 0
54401378 0 0 0 0 0
54401390 0 0 1 0 0
54401411 0 0 1 0 0
54401426 0 0 0 0 0
54401438 0 0 1 11 0
54401456 0 0 1 0 0
54401480 0 0 1 0 0
54401492 0 0 0 0 0
54401495 0 0 0 0 0
54401537 0 0 1 0 0
54401542 0 0 0 0 0
54401543 0 0 0 0 0
54401547 0 0 0 0 0
54401571 0 0 1 6 0
54401575 0 0 1 0 0
54401595 0 0 1 0 0
54401597 0 0 1 0 0
54401649 0 0 1 0 0
54401650 0 0 0 0 0
54401657 0 0 1 0 0
54401687 0 0 0 0 0
54401690 0 0 1 0 0
54401693 0 0 1 0 0
54401710 0 0 0 0 0
54401722 0 0 1 6 0
54401732 0 0 1 0 0
54401739 0 0 0 0 0
54401740 0 0 0 0 0
54401748 0 0 0 0 0
54401760 0 0 1 0 0
54401761 0 0 0 0 0
54401762 0 0 0 0 0
54401787 0 0 1 27 0
54401824 0 0 1 0 0
54401829 0 0 1 0 0
54401837 0 0 1 20 0
54401867 0 0 1 0 0
54401871 0 0 1 18 0
54401903 0 0 1 0 0
54401906 0 0 0 0 0
54401908 0 0 1 0 0
54401910 0 0 1 18 0
54401918 0 0 1 0 0
54401936 0 0 1 6 0
54401943 0 0 0 0 0
54401984 0 0 1 0 0
54402047 0 0 0 0 0
54402053 0 0 1 0 0
54402069 0 0 0 0 0
54402079 0 0 1 0 0
54402082 0 0 1 0 0
54402094 0 0 1 0 0
54402116 0 0 0 0 0
54402120 0 0 1 0 0
54402121 0 0 1 18 0
54402138 0 0 0 0 0
54402139 0 0 0 0 0
54402142 0 0 1 12 0
54402147 0 0 0 0 0
54402181 0 0 0 0 0
54402186 0 0 1 0 0
54402192 0 0 0 0 0
54402243 0 0 1 0 0
54402259 0 0 0 0 0
54402271 0 0 0 0 0
54402274 0 0 0 0 0
54402291 0 0 1 0 0
54402292 0 0 0 0 0
54402318 0 0 0 0 0
54402329 0 0 1 0 0
54402357 0 0 1 0 0
54402370 0 0 0 0 0
54402376 0 0 1 0 0
54402379 0 0 1 0 0
54402380 0 0 1 0 0
54402393 0 0 1 0 0
54402397 0 0 0 0 0
54402401 0 0 0 0 0
54402428 0 0 0 0 0
54402480 0 0 1 0 0
54402497 0 0 1 0 0
54402500 0 0 1 0 0
54402517 0 0 1 0 0
54402542 0 0 1 0 0
54402548 0 0 1 0 0
54402553 0 0 0 0 0
54402579 0 0 1 6 0
54402629 0 0 1 0 0
54402634 0 0 1 18 0
54402659 0 0 1 0 0
54402662 0 0 1 18 0
54402665 0 0 1 0 0
54402683 0 0 1 0 0
54402696 0 0 1 26 0
54402704 0 0 0 0 0
54402708 0 0 0 0 0
54402726 0 0 0 0 0
54402742 0 0 0 0 0
54402761 0 0 0 0 0
54402763 0 0 0 0 0
54402764 0 0 0 0 0
54402765 0 0 0 0 0
54402768 0 0 0 0 0
54402774 0 0 0 0 0
54402775 0 0 0 0 0
54402776 0 0 0 0 0
54402784 0 0 0 0 0
54402799 0 0 1 0 0
54402808 0 0 0 0 0
54402813 0 0 1 0 0
54402816 0 0 0 0 0
54402817 0 0 1 18 0
54402818 0 0 1 0 0
54402825 0 0 0 0 0
54402835 0 0 0 0 0
54402839 0 0 1 0 0
54402848 0 0 1 0 0
54402873 0 0 0 0 0
54402885 0 0 1 0 0
54402903 0 0 0 0 0
54402904 0 0 1 0 0
54402916 0 0 1 12 0
54402933 0 0 0 0 0
54402934 0 0 0 0 0
54402946 0 0 0 0 0
54402948 0 0 1 0 0
54402960 0 0 0 0 0
54402970 0 0 1 0 0
54403009 0 0 1 0 0
54403037 0 0 1 0 0
54403073 0 0 0 0 0
54403082 0 0 1 442 0
54403109 0 0 1 6 0
54403113 0 0 0 0 0
54403122 0 0 0 0 0
54403151 0 0 1 29 0
54403156 0 0 0 10 0
54403159 0 0 1 0 0
54403194 0 0 1 0 0
54403195 0 0 1 0 0
54403203 0 0 1 0 0
54403210 0 0 0 0 0
54403219 0 0 0 0 0
54403229 0 0 0 0 0
54403232 0 0 1 18 0
54403234 12 0 1 119 0
54403251 0 0 1 0 0
54403262 0 0 0 0 0
54403267 0 0 1 0 0
54403278 0 0 0 6 0
54403344 0 0 1 0 0
54403349 0 0 1 0 0
54403386 0 0 1 12 0
54403398 0 0 0 0 0
54403414 0 0 0 0 0
54403441 0 0 1 6 0
54403449 0 0 1 0 0
54403450 0 0 1 0 0
54403454 0 0 1 0 0
54403455 0 0 0 0 0
54403459 0 0 0 0 0
54403516 0 0 1 0 0
54403519 0 0 1 18 0
54403549 0 0 0 0 0
54403560 0 0 0 0 0
54403561 0 0 0 0 0
54403573 0 0 1 0 0
54403574 0 0 1 0 0
54403575 0 0 1 0 0
54403585 0 0 1 0 0
54403605 0 0 0 0 0
54403635 0 0 1 0 0
54403658 0 0 0 0 0
54403685 0 0 1 0 0
54403686 0 0 1 0 0
54403691 0 0 0 0 0
54403696 0 0 0 0 0
54403704 0 0 0 0 0
54403709 0 0 0 0 0
54403719 0 0 1 0 0
54403753 0 0 0 0 0
54403761 0 0 1 0 0
54403780 0 0 0 0 0
54403809 0 0 0 0 0
54403812 0 0 1 0 0
54403819 0 0 0 0 0
54403822 0 0 1 0 0
54403836 0 0 1 0 0
54403843 0 0 1 0 0
54403859 0 0 1 0 0
54403893 0 0 0 0 0
54403908 0 0 0 0 0
54403914 0 0 1 0 0
54403916 0 0 1 0 0
54403928 0 0 0 0 0
54403940 0 0 1 0 0
54403949 0 0 1 0 0
54403951 0 0 0 0 0
54403966 0 0 1 0 0
54403971 0 0 1 122 0
54403981 0 0 1 24 0
54403994 0 0 0 0 0
54403997 0 0 0 0 0
54404007 0 0 1 0 0
54404085 0 0 1 0 0
54404088 0 0 1 12 0
54404089 0 0 0 0 0
54404096 0 0 0 0 0
54404115 0 0 1 18 0
54404123 0 0 1 32 0
54404150 0 0 1 0 0
54404169 0 0 1 0 0
54404174 0 0 1 0 0
54404179 0 0 1 0 0
54404180 0 0 1 0 0
54404186 0 0 1 0 0
54404188 0 0 1 0 0
54404189 0 0 1 0 0
54404197 0 0 0 0 0
54404222 0 0 0 0 0
54404242 0 0 1 9 0
54404243 0 0 1 131 0
54404246 0 0 0 0 0
54404251 0 0 0 0 0
54404252 0 0 0 0 0
54404264 0 0 1 0 0
54404268 0 0 1 0 0
54404289 0 0 0 0 0
54404299 0 0 1 0 0
54404325 0 0 0 0 0
54404343 0 0 1 0 0
54404351 0 0 1 0 0
54404360 0 0 1 0 0
54404401 0 0 1 0 0
54404422 0 0 1 12 0
54404425 0 0 1 0 0
54404444 0 0 1 0 0
54404460 0 0 1 0 0
54404474 0 0 0 0 0
54404484 1 0 1 41 0
54404488 0 0 1 6 0
54404494 0 0 1 0 0
54404495 0 0 1 0 0
54404500 0 0 0 0 0
54404507 0 0 0 0 0
54404521 0 0 0 0 0
54404529 0 0 1 0 0
54404539 0 0 1 0 0
54404545 0 0 1 0 0
54404583 0 0 0 0 0
54404589 0 0 1 0 0
54404606 0 0 0 0 0
54404607 0 0 1 0 0
54404615 0 0 0 0 0
54404625 0 0 1 0 0
54404632 0 0 1 0 0
54404638 0 0 0 0 0
54404645 0 0 0 0 0
54404649 0 0 1 0 0
54404679 0 0 1 0 0
54404684 0 0 1 0 0
54404699 0 0 1 0 0
54404702 0 0 0 0 0
54404704 0 0 1 0 0
54404711 0 0 0 0 0
54404742 0 0 0 0 0
54404743 0 0 1 0 0
54404756 0 0 0 0 0
54404758 0 0 1 0 0
54404773 0 0 1 0 0
54404795 0 0 0 0 0
54404796 0 0 0 0 0
54404799 0 0 0 0 0
54404826 0 0 0 0 0
54404840 0 0 1 0 0
54404852 0 0 1 0 0
54404868 0 0 0 0 0
54404870 0 0 0 0 0
54404891 0 0 0 0 0
54404893 0 0 1 0 0
54404907 0 0 1 0 0
54404917 0 0 1 149 0
54404921 0 0 0 0 0
54404955 0 0 1 0 0
54404960 0 0 0 0 0
54404975 0 0 0 6 0
54404981 0 0 1 0 0
54404983 0 0 1 0 0
54405009 0 0 1 0 0
54405025 0 0 0 0 0
54405030 0 0 1 0 0
54405034 0 0 1 0 0
54405037 0 0 0 0 0
54405038 0 0 0 0 0
54405054 0 0 1 0 0
54405081 0 0 1 0 0
54405082 0 0 1 0 0
54405088 0 0 0 0 0
54405090 0 0 0 0 0
54405098 0 0 1 0 0
54405130 0 0 1 0 0
54405132 0 0 0 0 0
54405143 0 0 1 0 0
54405146 0 0 0 0 0
54405155 0 0 0 0 0
54405163 0 0 0 0 0
54405167 0 0 1 0 0
54405168 0 0 1 0 0
54405173 0 0 1 0 0
54405175 0 0 0 0 0
54405187 0 0 0 0 0
54405198 0 0 0 0 0
54405222 0 0 0 0 0
54405237 0 0 1 18 0
54405247 1 0 0 4 0
54405263 0 0 1 0 0
54405269 0 0 0 0 0
54405282 0 0 1 0 0
54405283 0 0 0 0 0
54405284 1 0 0 48 0
54405288 0 0 0 0 0
54405303 0 0 1 0 0
54405320 0 0 1 0 0
54405332 0 0 1 0 0
54405336 0 0 1 0 0
54405347 0 0 1 0 0
54405349 0 0 0 0 0
54405380 0 0 1 0 0
54405404 0 0 0 0 0
54405406 0 0 1 0 0
54405409 0 0 0 10 0
54405418 0 0 0 0 0
54405432 0 0 0 0 0
54405448 0 0 1 0 0
54405449 0 0 1 1 0
54405457 0 0 1 0 0
54405462 0 0 0 0 0
54405471 0 0 1 0 0
54405486 0 0 1 0 0
54405487 0 0 1 18 0
54405499 0 0 1 0 0
54405537 0 0 0 0 0
54405538 0 0 1 0 0
54405582 0 0 1 0 0
54405585 0 0 1 24 0
54405586 0 0 1 128 0
54405588 0 0 1 18 0
54405608 0 0 1 0 0
54405615 0 0 0 0 0
54405621 0 0 1 0 0
54405633 0 0 0 0 0
54405643 0 0 1 0 0
54405646 0 0 0 0 0
54405672 0 0 0 0 0
54405689 0 0 0 0 0
54405701 0 0 0 0 0
54405710 0 0 1 2 0
54405711 0 0 0 0 0
54405746 0 0 1 0 0
54405765 0 0 0 0 0
54405783 0 0 1 0 0
54405812 0 0 1 0 0
54405813 0 0 0 0 0
54405814 0 0 1 28 0
54405821 0 0 1 0 0
54405849 0 0 0 0 0
54405850 0 0 1 0 0
54405868 0 0 0 0 0
54405874 0 0 1 0 0
54405903 0 0 1 12 0
54405921 0 0 1 18 0
54405942 0 0 1 0 0
54405954 0 0 0 0 0
54405964 0 0 1 1 0
54405972 0 0 0 12 0
54405977 0 0 1 18 0
54405985 0 0 0 0 0
54405995 0 0 0 0 0
54406001 0 0 1 12 0
54406003 0 0 1 18 0
54406015 0 0 1 0 0
54406018 0 0 0 0 0
54406027 0 0 1 12 0
54406033 0 0 1 0 0
54406047 0 0 1 0 0
54406071 0 0 1 0 0
54406083 0 0 0 0 0
54406122 0 0 1 25 0
54406138 0 0 1 0 0
54406147 0 0 1 0 0
54406165 0 0 0 0 0
54406174 0 0 0 0 0
54406178 0 0 0 0 0
54406196 0 0 1 18 0
54406211 0 0 0 0 0
54406218 0 0 1 0 0
54406219 0 0 1 18 0
54406226 0 0 1 0 0
54406239 0 0 0 0 0
54406252 0 0 1 3 0
54406272 0 0 0 0 0
54406281 0 0 0 0 0
54406326 0 0 0 0 0
54406331 0 0 0 0 0
54406346 0 0 1 0 0
54406347 0 0 0 1 0
54406375 0 0 0 0 0
54406382 0 0 1 0 0
54406389 0 0 0 0 0
54406391 0 0 1 0 0
54406394 0 0 1 12 0
54406414 0 0 0 0 0
54406421 0 0 0 0 0
54406455 0 0 1 0 0
54406473 0 0 1 21 0
54406479 0 0 0 0 0
54406489 0 0 1 0 0
54406496 0 0 0 0 0
54406514 0 0 1 12 0
54406515 0 0 1 0 0
54406542 0 0 0 0 0
54406549 0 0 1 0 0
54406564 0 0 1 18 0
54406568 0 0 0 0 0
54406569 0 0 1 0 0
54406579 0 0 0 0 0
54406580 0 0 1 0 0
54406585 0 0 1 0 0
54406595 0 0 1 0 0
54406596 0 0 0 0 0
54406601 0 0 1 18 0
54406620 0 0 0 0 0
54406627 0 0 1 0 0
54406628 0 0 0 0 0
54406633 0 0 0 0 0
54406637 0 0 1 0 0
54406656 0 0 0 6 0
54406666 0 0 0 0 0
54406684 0 0 1 18 0
54406703 0 0 1 5 0
54406719 0 0 1 0 0
54406722 0 0 1 0 0
54406725 0 0 1 0 0
54406727 0 0 0 0 0
54406773 0 0 1 0 0
54406776 0 0 0 0 0
54406789 0 0 1 10 0
54406809 0 0 1 0 0
54406811 0 0 0 0 0
54406812 0 0 0 0 0
54406818 0 0 0 0 0
54406857 0 0 1 0 0
54406859 0 0 1 0 0
54406867 0 0 0 0 0
54406875 0 0 1 0 0
54406877 0 0 0 0 0
54406891 0 0 0 0 0
54406910 0 0 0 0 0
54406997 0 0 0 0 0
54407013 0 0 1 0 0
54407026 0 0 1 0 0
54407028 0 0 1 0 0
54407039 0 0 0 0 0
54407040 0 0 1 0 0
54407055 0 0 1 12 0
54407063 0 0 1 0 0
54407075 0 0 0 0 0
54407123 0 0 1 0 0
54407132 0 0 1 0 0
54407136 0 0 0 0 0
54407138 0 0 0 0 0
54407150 0 0 0 0 0
54407152 0 0 1 0 0
54407154 0 0 1 0 0
54407155 0 0 0 0 0
54407167 0 0 1 18 0
54407171 0 0 0 0 0
54407185 0 0 1 0 0
54407187 0 0 0 0 0
54407196 0 0 0 0 0
54407218 0 0 0 0 0
54407241 0 0 1 0 0
54407246 0 0 0 0 0
54407247 0 0 1 61 0
54407249 0 0 0 0 0
54407264 0 0 0 0 0
54407273 0 0 0 0 0
54407283 0 0 0 0 0
54407287 0 0 1 0 0
54407288 0 0 0 0 0
54407291 0 0 1 12 0
54407298 0 0 0 0 0
54407327 0 0 1 0 0
54407356 0 0 0 0 0
54407360 0 0 0 0 0
54407366 0 0 1 0 0
54407370 0 0 0 0 0
54407371 0 0 1 0 0
54407393 0 0 1 0 0
54407414 0 0 0 0 0
54407436 0 0 0 10 0
54407462 0 0 1 95 0
54407467 0 0 1 0 0
54407480 0 0 1 0 0
54407487 0 0 0 0 0
54407501 0 0 0 0 0
54407512 0 0 1 0 0
54407521 0 0 0 0 0
54407533 0 0 1 0 0
54407534 0 0 0 0 0
54407549 0 0 1 0 0
54407561 0 0 1 0 0
54407577 0 0 0 0 0
54407580 0 0 1 0 0
54407592 0 0 1 0 0
54407602 0 0 1 0 0
54407639 0 0 1 0 0
54407643 0 0 1 0 0
54407647 0 0 1 18 0
54407661 0 0 1 0 0
54407717 0 0 1 186 0
54407727 0 0 1 18 0
54407728 0 0 0 0 0
54407742 0 0 1 0 0
54407752 0 0 1 0 0
54407753 0 0 1 0 0
54407757 0 0 1 0 0
54407758 0 0 1 0 0
54407767 0 0 1 0 0
54407774 0 0 0 0 0
54407783 0 0 1 0 0
54407788 0 0 0 0 0
54407817 0 0 1 0 0
54407828 0 0 1 0 0
54407842 0 0 1 10 0
54407847 0 0 1 0 0
54407857 0 0 0 0 0
54407859 0 0 1 12 0
54407876 0 0 0 0 0
54407881 0 0 1 0 0
54407883 0 0 0 0 0
54407891 0 0 0 0 0
54407895 0 0 0 0 0
54407918 0 0 0 0 0
54407920 0 0 1 24 0
54407938 1 0 1 71 0
54407944 0 0 0 0 0
54407950 0 0 0 0 0
54407961 0 0 0 0 0
54407980 0 0 0 0 0
54407985 0 0 1 0 0
54407991 0 0 0 0 0
54407992 0 0 1 0 0
54407995 0 0 1 0 0
54408019 0 0 0 0 0
54408036 0 0 0 0 0
54408052 0 0 1 18 0
54408055 0 0 1 0 0
54408062 0 0 1 0 0
54408071 0 0 1 0 0
54408075 0 0 1 0 0
54408083 0 0 0 0 0
54408090 0 0 1 0 0
54408091 0 0 0 0 0
54408101 0 0 1 6 0
54408118 0 0 1 0 0
54408131 0 0 1 0 0
54408132 1 0 0 3 0
54408150 0 0 0 0 0
54408161 0 0 0 0 0
54408190 0 0 1 0 0
54408191 0 0 1 0 0
54408214 0 0 1 0 0
54408215 0 0 0 0 0
54408227 0 0 1 0 0
54408242 0 0 0 0 0
54408259 0 0 1 10 0
54408287 0 0 0 0 0
54408289 0 0 1 0 0
54408299 15 1 1 52 0
54408310 0 0 0 0 0
54408323 0 0 1 0 0
54408343 0 0 0 0 0
54408351 0 0 1 0 0
54408359 0 0 0 0 0
54408368 0 0 0 0 0
54408370 0 0 1 27 0
54408411 0 0 0 36 0
54408421 0 0 0 0 0
54408443 0 0 1 18 0
54408458 0 0 0 0 0
54408492 0 0 1 12 0
54408493 0 0 0 0 0
54408500 0 0 0 0 0
54408525 0 0 0 0 0
54408532 0 0 1 0 0
54408545 0 0 0 0 0
54408552 0 0 1 0 0
54408561 0 0 1 18 0
54408577 0 0 0 0 0
54408614 0 0 1 0 0
54408623 0 0 1 18 0
54408635 0 0 0 0 0
54408664 0 0 1 0 0
54408669 0 0 0 0 0
54408673 0 0 0 0 0
54408678 0 0 1 0 0
54408744 0 0 0 0 0
54408762 0 0 1 0 0
54408767 0 0 1 29 0
54408775 0 0 1 12 0
54408777 0 0 1 0 0
54408781 0 0 1 0 0
54408789 0 0 0 0 0
54408812 0 0 1 0 0
54408842 0 0 1 7 0
54408854 0 0 0 0 0
54408856 0 0 0 0 0
54408862 0 0 0 0 0
54408868 0 0 0 0 0
54408889 0 0 0 0 0
54408902 0 0 0 0 0
54408920 0 0 1 0 0
54408922 0 0 0 0 0
54408950 0 0 1 18 0
54408968 0 0 0 0 0
54408974 0 0 0 0 0
54408984 0 0 1 10 0
54408994 0 0 1 0 0
54409027 0 0 1 0 0
54409028 0 0 1 0 0
54409033 0 0 0 0 0
54409067 0 0 0 0 0
54409090 0 0 0 0 0
54409093 0 0 1 18 0
54409114 0 0 1 0 0
54409116 0 0 0 0 0
54409125 0 0 1 0 0
54409174 0 0 1 23 0
54409180 0 0 1 12 0
54409189 0 0 0 0 0
54409196 0 0 1 0 0
54409208 0 0 1 0 0
54409210 0 0 0 0 0
54409224 0 0 1 0 0
54409246 0 0 1 0 0
54409258 0 0 1 0 0
54409264 0 0 1 0 0
54409265 0 0 1 0 0
54409303 0 0 1 0 0
54409325 0 0 1 18 0
54409344 0 0 1 0 0
54409354 0 0 1 0 0
54409355 0 0 1 0 0
54409356 0 0 1 0 0
54409368 0 0 1 0 0
54409374 0 0 0 0 0
54409380 0 0 1 0 0
54409412 0 0 1 32 0
54409418 0 0 0 0 0
54409430 0 0 1 0 0
54409445 0 0 1 0 0
54409448 0 0 1 177 0
54409453 0 0 0 0 0
54409466 0 0 0 0 0
54409469 0 0 1 10 0
54409476 0 0 0 0 0
54409480 0 0 1 0 0
54409499 0 0 0 0 0
54409507 0 0 1 0 0
54409516 0 0 1 24 0
54409527 0 0 1 18 0
54409567 0 0 1 0 0
54409570 0 0 0 0 0
54409602 0 0 0 0 0
54409614 0 0 1 0 0
54409645 0 0 1 0 0
54409731 0 0 1 0 0
54409744 0 0 0 0 0
54409751 0 0 1 0 0
54409776 0 0 0 0 0
54409782 0 0 0 0 0
54409790 0 0 0 0 0
54409809 0 0 0 6 0
54409820 0 0 1 12 0
54409830 0 0 0 0 0
54409835 0 0 1 0 0
54409859 0 0 0 0 0
54409870 0 0 1 0 0
54409911 0 0 1 149 0
54409937 0 0 1 12 0
54409938 0 0 0 0 0
54409939 0 0 0 0 0
54409940 0 0 0 0 0
54409963 0 0 1 18 0
54409965 149 0 1 56 0
54409997 0 0 1 0 0
54410002 0 0 0 0 0
54410004 0 0 1 0 0
54410033 0 0 0 0 0
54410040 0 0 0 0 0
54410055 0 0 0 0 0
54410066 0 0 1 12 0
54410086 0 0 1 18 0
54410094 0 0 1 0 0
54410104 0 0 1 24 0
54410124 0 0 1 0 0
54410131 0 0 1 0 0
54410135 0 0 0 0 0
54410148 0 0 0 0 0
54410153 0 0 1 0 0
54410155 0 0 1 0 0
54410156 0 0 0 0 0
54410175 0 0 1 0 0
54410197 0 0 1 0 0
54410202 0 0 0 0 0
54410209 0 0 0 0 0
54410213 0 0 1 0 0
54410220 0 0 0 0 0
54410225 0 0 0 0 0
54410227 0 0 0 0 0
54410229 0 0 1 0 0
54410239 0 0 1 0 0
54410244 0 0 0 0 0
54410253 0 0 0 0 0
54410277 0 0 0 0 0
54410293 0 0 0 0 0
54410296 0 0 1 8 0
54410302 0 0 1 0 0
54410303 0 0 1 0 0
54410307 0 0 0 0 0
54410318 14 0 1 201 0
54410335 0 0 1 0 0
54410363 0 0 1 0 0
54410364 0 0 1 0 0
54410377 0 0 0 0 0
54410383 0 0 0 0 0
54410384 0 0 1 0 0
54410391 0 0 0 0 0
54410397 0 0 1 30 0
54410421 0 0 0 0 0
54410449 0 0 1 0 0
54410480 0 0 0 0 0
54410492 0 0 0 0 0
54410499 0 0 1 0 0
54410531 0 0 0 0 0
54410556 0 0 1 10 0
54410570 0 0 1 0 0
54410579 0 0 1 12 0
54410608 0 0 0 0 0
54410621 0 0 0 0 0
54410650 0 0 1 0 0
54410682 0 0 1 0 0
54410689 0 0 1 0 0
54410697 0 0 1 0 0
54410745 0 0 0 0 0
54410748 0 0 1 0 0
54410766 0 0 1 19 0
54410776 0 0 0 0 0
54410788 0 0 1 0 0
54410794 0 0 1 0 0
54410801 0 0 1 0 0
54410814 0 0 1 0 0
54410835 0 0 0 0 0
54410838 0 0 1 12 0
54410850 0 0 0 0 0
54410852 0 0 1 0 0
54410858 0 0 0 0 0
54410860 0 0 0 0 0
54410868 0 0 0 0 0
54410871 0 0 0 0 0
54410895 0 0 1 18 0
54410898 0 0 0 0 0
54410909 0 0 1 0 0
54410917 0 0 1 18 0
54410918 0 0 1 0 0
54410932 0 0 0 0 0
54410935 0 0 0 0 0
54410958 0 0 0 0 0
54410971 0 0 1 0 0
54410980 0 0 1 0 0
54411001 0 0 1 29 0
54411030 0 0 0 0 0
54411052 0 0 0 0 0
54411054 0 0 0 0 0
54411063 0 0 0 0 0
54411117 7 1 1 23 0
54411147 0 0 1 0 0
54411149 0 0 0 0 0
54411193 0 0 1 0 0
54411202 0 0 1 0 0
54411228 0 0 1 0 0
54411239 0 0 1 0 0
54411255 0 0 0 0 0
54411277 0 0 0 0 0
54411297 0 0 1 0 0
54411357 0 0 0 0 0
54411360 0 0 1 0 0
54411361 0 0 1 18 0
54411372 0 0 1 0 0
54411379 0 0 1 0 0
54411384 0 0 1 0 0
54411385 0 0 0 0 0
54411389 0 0 1 0 0
54411391 0 0 1 0 0
54411411 0 0 0 0 0
54411453 0 0 1 0 0
54411457 0 0 1 0 0
54411469 0 0 0 6 0
54411485 0 0 1 0 0
54411505 0 0 0 0 0
54411520 0 0 1 27 0
54411526 0 0 1 0 0
54411558 0 0 1 12 0
54411563 0 0 0 0 0
54411574 0 0 0 6 0
54411579 0 0 1 10 0
54411586 0 0 0 0 0
54411595 0 0 1 0 0
54411615 0 0 0 0 0
54411652 0 0 1 0 0
54411658 0 0 0 0 0
54411675 0 0 1 0 0
54411679 0 0 0 0 0
54411680 0 0 1 0 0
54411683 0 0 0 0 0
54411706 0 0 0 0 0
54411724 0 0 1 13 0
54411725 0 0 0 0 0
54411731 0 0 1 25 0
54411736 0 0 0 0 0
54411745 0 0 1 0 0
54411753 0 0 0 0 0
54411758 0 0 1 0 0
54411766 0 0 1 0 0
54411767 0 0 0 0 0
54411770 0 0 1 0 0
54411772 0 0 1 18 0
54411820 0 0 0 0 0
54411832 0 0 1 12 0
54411835 0 0 1 0 0
54411850 0 0 0 0 0
54411859 0 0 0 0 0
54411867 0 0 0 0 0
54411874 0 0 1 0 0
54411876 0 0 0 0 0
54411883 0 0 1 239 0
54411892 0 0 1 0 0
54411938 0 0 1 21 0
54411944 0 0 1 0 0
54411948 0 0 0 0 0
54411952 0 0 0 0 0
54411961 0 0 1 0 0
54411969 0 0 0 0 0
54411997 0 0 1 0 0
54412002 0 0 1 0 0
54412028 0 0 1 0 0
54412043 0 0 1 0 0
54412049 0 0 0 0 0
54412071 0 0 0 0 0
54412076 0 0 1 18 0
54412085 0 0 1 0 0
54412091 0 0 1 0 0
54412092 0 0 1 0 0
54412102 0 0 1 0 0
54412110 0 0 1 0 0
54412111 0 0 1 0 0
54412121 0 0 1 0 0
54412126 0 0 1 0 0
54412136 0 0 1 0 0
54412169 0 0 1 0 0
54412198 0 0 0 0 0
54412200 0 0 0 0 0
54412206 0 0 1 0 0
54412209 1 0 1 6 0
54412214 0 0 0 0 0
54412217 0 0 0 0 0
54412238 0 0 0 0 0
54412248 0 0 0 0 0
54412253 0 0 1 0 0
54412265 0 0 1 0 0
54412276 0 0 0 0 0
54412316 0 0 1 0 0
54412318 0 0 1 0 0
54412327 0 0 0 0 0
54412341 0 0 1 0 0
54412343 0 0 0 0 0
54412355 0 0 0 0 0
54412375 0 0 0 0 0
54412381 0 0 1 0 0
54412386 0 0 0 0 0
54412394 0 0 0 0 0
54412403 8 0 1 3 0
54412405 0 0 1 0 0
54412414 0 0 0 0 0
54412433 0 0 0 0 0
54412499 0 0 0 0 0
54412505 0 0 0 0 0
54412510 0 0 1 0 0
54412516 0 0 0 0 0
54412517 0 0 0 0 0
54412534 0 0 1 0 0
54412545 0 0 1 13 0
54412548 0 0 0 0 0
54412567 0 0 1 0 0
54412578 0 0 1 0 0
54412585 0 0 0 0 0
54412598 0 0 1 0 0
54412602 0 0 1 22 0
54412606 0 0 0 0 0
54412612 0 0 0 0 0
54412618 0 0 1 0 0
54412620 0 0 1 20 0
54412626 0 0 0 0 0
54412651 0 0 0 0 0
54412656 0 0 0 0 0
54412677 0 0 0 0 0
54412682 0 0 1 0 0
54412696 0 0 1 0 0
54412699 0 0 1 3 0
54412730 0 0 1 0 0
54412747 0 0 0 0 0
54412762 0 0 0 0 0
54412784 0 0 0 0 0
54412800 0 0 1 0 0
54412817 0 0 1 0 0
54412831 0 0 0 0 0
54412834 1 0 1 1 0
54412857 0 0 0 0 0
54412859 0 0 0 0 0
54412860 0 0 1 0 0
54412879 0 0 1 0 0
54412902 0 0 1 0 0
54412908 0 0 1 10 0
54412914 0 0 1 13 0
54412918 0 0 1 12 0
54412926 0 0 1 0 0
54412929 0 0 1 0 0
54412939 0 0 0 0 0
54412985 0 0 1 0 0
54412993 0 0 1 18 0
54413047 0 0 1 0 0
54413050 0 0 1 0 0
54413053 0 0 0 0 0
54413059 0 0 0 0 0
54413070 0 0 0 0 0
54413074 0 0 1 81 0
54413081 0 0 0 0 0
54413082 0 0 0 0 0
54413087 0 0 1 34 0
54413093 0 0 1 0 0
54413107 0 0 1 0 0
54413108 0 0 1 0 0
54413149 0 0 0 6 0
54413162 0 0 0 0 0
54413165 0 0 0 0 0
54413169 0 0 0 0 0
54413170 0 0 1 0 0
54413172 0 0 1 0 0
54413173 0 0 1 0 0
54413174 0 0 1 0 0
54413175 0 0 1 0 0
54413197 0 0 0 0 0
54413202 0 0 0 0 0
54413209 0 0 1 12 0
54413216 0 0 1 0 0
54413230 0 0 0 0 0
54413280 0 0 1 18 0
54413285 0 0 1 12 0
54413300 0 0 1 0 0
54413313 0 0 1 0 0
54413328 0 0 1 0 0
54413338 0 0 0 0 0
54413358 0 0 0 0 0
54413367 0 0 1 0 0
54413385 0 0 1 0 0
54413395 0 0 1 0 0
54413410 0 0 0 0 0
54413425 0 0 1 0 0
54413437 8 0 1 28 0
54413448 0 0 1 0 0
54413466 0 0 1 0 0
54413470 0 0 1 0 0
54413471 0 0 1 0 0
54413481 0 0 0 0 0
54413487 0 0 1 0 0
54413493 0 0 0 0 0
54413494 0 0 1 18 0
54413498 0 0 0 0 0
54413501 0 0 1 0 0
54413502 0 0 0 0 0
54413533 0 0 0 0 0
54413536 0 0 0 0 0
54413540 0 0 1 0 0
54413556 0 0 1 0 0
54413561 0 0 1 0 0
54413608 0 0 1 0 0
54413609 0 0 1 0 0
54413619 0 0 1 10 0
54413634 0 0 0 0 0
54413650 0 0 0 0 0
54413664 0 0 1 0 0
54413666 0 0 1 0 0
54413676 0 0 1 18 0
54413690 0 0 0 0 0
54413694 0 0 1 12 0
54413702 0 0 1 0 0
54413707 0 0 0 0 0
54413713 0 0 0 0 0
54413731 0 0 1 0 0
54413745 0 0 1 0 0
54413757 0 0 0 0 0
54413776 0 0 1 0 0
54413778 0 0 1 18 0
54413790 0 0 1 0 0
54413796 0 0 1 0 0
54413799 0 0 1 20 0
54413804 0 0 1 0 0
54413808 0 0 1 18 0
54413809 0 0 1 0 0
54413815 0 0 1 0 0
54413822 0 0 1 0 0
54413824 0 0 1 36 0
54413830 0 0 0 0 0
54413837 0 0 0 0 0
54413842 0 0 0 0 0
54413844 0 0 1 0 0
54413849 0 0 1 0 0
54413857 0 0 1 0 0
54413872 0 0 0 6 0
54413877 0 0 0 0 0
54413878 0 0 0 0 0
54413901 0 0 0 0 0
54413906 0 0 1 0 0
54413934 0 0 1 0 0
54413940 0 0 0 0 0
54413948 0 0 1 8 0
54413949 0 0 0 0 0
54413952 0 0 1 0 0
54413956 0 0 1 12 0
54413968 0 0 1 18 0
54413973 0 0 0 0 0
54414004 0 0 0 0 0
54414005 0 0 0 0 0
54414008 0 0 1 18 0
54414015 0 0 1 0 0
54414030 0 0 0 0 0
54414031 0 0 1 0 0
54414033 0 0 1 137 0
54414070 0 0 1 0 0
54414080 0 0 1 0 0
54414090 0 0 1 10 0
54414106 0 0 1 0 0
54414121 0 0 0 0 0
54414128 0 0 0 0 0
54414132 0 0 0 6 0
54414134 0 0 1 0 0
54414137 0 0 1 0 0
54414143 0 0 1 0 0
54414148 0 0 1 0 0
54414159 0 0 1 29 0
54414174 0 0 0 0 0
54414182 0 0 0 6 0
54414184 0 0 1 1 0
54414187 0 0 1 12 0
54414195 0 0 1 0 0
54414200 0 0 1 3 0
54414206 0 0 1 0 0
54414226 0 0 0 0 0
54414229 0 0 0 0 0
54414237 0 0 1 0 0
54414247 0 0 0 0 0
54414271 0 0 0 0 0
54414272 0 0 0 0 0
54414314 0 0 1 0 0
54414315 0 0 0 0 0
54414321 0 0 1 0 0
54414345 0 0 1 0 0
54414394 0 0 0 0 0
54414415 0 0 0 0 0
54414416 0 0 1 0 0
54414419 0 0 0 0 0
54414430 0 0 0 0 0
54414432 0 0 1 0 0
54414436 0 0 1 0 0
54414448 0 0 1 0 0
54414456 0 0 1 0 0
54414470 0 0 1 0 0
54414490 0 0 0 0 0
54414494 0 0 1 0 0
54414517 0 0 1 0 0
54414540 0 0 0 6 0
54414547 0 2 1 68 7
54414561 0 0 0 0 0
54414577 0 0 0 0 0
54414578 0 0 1 0 0
54414589 0 0 0 0 0
54414605 0 0 1 0 0
54414611 0 0 1 0 0
54414619 0 0 0 0 0
54414623 0 0 1 0 0
54414637 0 0 1 20 0
54414639 0 0 0 0 0
54414668 0 0 0 0 0
54414671 0 0 0 0 0
54414674 0 0 1 0 0
54414692 0 0 1 0 0
54414694 0 0 0 0 0
54414705 0 0 0 0 0
54414718 0 0 0 0 0
54414733 0 0 0 0 0
54414745 0 0 1 0 0
54414750 0 0 0 0 0
54414751 0 0 0 0 0
54414768 0 0 1 0 0
54414770 0 0 1 28 0
54414782 0 0 0 0 0
54414805 0 0 0 0 0
54414822 0 0 0 0 0
54414828 0 0 1 10 0
54414830 0 0 0 0 0
54414833 0 0 1 269 0
54414839 0 0 1 18 0
54414860 0 0 1 0 0
54414866 0 0 0 0 0
54414875 0 0 0 0 0
54414895 0 0 1 0 0
54414904 0 0 1 0 0
54414910 0 0 0 0 0
54414918 0 0 0 0 0
54414927 0 0 0 0 0
54414942 0 0 1 12 0
54414945 0 0 0 0 0
54414965 0 0 0 166 0
54414994 0 0 1 0 0
54415016 0 0 1 0 0
54415021 0 0 1 0 0
54415040 0 0 1 0 0
54415046 0 0 0 0 0
54415066 0 0 1 18 0
54415069 0 0 1 0 0
54415097 0 0 0 0 0
54415104 0 0 0 0 0
54415124 0 0 0 0 0
54415129 292 0 1 574 0
54415137 0 0 0 0 0
54415148 0 0 0 0 0
54415155 0 0 0 0 0
54415158 0 0 0 0 0
54415159 0 0 0 0 0
54415169 0 0 1 0 0
54415190 0 0 1 0 0
54415212 0 0 1 0 0
54415223 0 0 1 0 0
54415224 0 0 0 0 0
54415232 0 0 1 0 0
54415236 0 0 0 0 0
54415252 0 0 0 0 0
54415272 0 0 0 0 0
54415273 0 0 0 0 0
54415274 0 0 0 0 0
54415304 0 0 0 0 0
54415315 0 0 1 0 0
54415322 0 0 1 0 0
54415323 0 0 1 0 0
54415325 0 0 1 0 0
54415329 0 0 0 0 0
54415342 0 0 1 18 0
54415345 0 0 0 6 0
54415366 0 0 1 12 0
54415367 0 0 1 0 0
54415371 0 0 1 0 0
54415380 0 0 1 0 0
54415396 0 0 1 0 0
54415399 0 0 1 0 0
54415421 0 0 1 0 0
54415422 0 0 0 0 0
54415434 0 0 1 0 0
54415457 0 0 1 18 0
54415466 0 0 0 0 0
54415497 0 0 1 0 0
54415542 0 0 0 0 0
54415571 0 0 0 0 0
54415586 0 0 0 0 0
54415589 0 0 1 0 0
54415592 0 0 1 19 0
54415603 0 0 1 0 0
54415609 0 0 1 0 0
54415617 0 0 1 29 0
54415629 0 0 1 0 0
54415632 0 0 0 0 0
54415636 0 0 1 0 0
54415638 0 0 1 0 0
54415647 0 0 0 0 0
54415653 0 0 1 0 0
54415663 0 0 1 0 0
54415697 0 0 0 0 0
54415701 0 0 1 0 0
54415705 0 0 0 0 0
54415745 0 0 0 0 0
54415753 0 0 1 0 0
54415772 0 0 0 6 0
54415802 0 0 0 0 0
54415803 0 0 0 0 0
54415806 0 0 1 0 0
54415819 0 0 1 12 0
54415860 0 0 1 0 0
54415870 0 0 1 6 0
54415879 0 0 0 0 0
54415895 0 0 0 0 0
54415896 0 0 1 0 0
54415905 0 0 1 0 0
54415908 0 0 1 0 0
54415923 0 0 1 6 0
54415927 0 0 1 0 0
54415931 0 0 1 0 0
54415933 0 0 0 0 0
54415940 0 0 1 30 0
54415966 0 0 1 0 0
54415984 0 0 0 0 0
54416001 0 0 0 0 0
54416007 0 0 1 0 0
54416013 0 0 1 12 0
54416041 0 0 1 0 0
54416044 0 0 1 31 0
54416057 0 0 1 90 0
54416063 0 0 0 0 0
54416072 0 0 0 0 0
54416077 0 0 0 0 0
54416094 0 0 0 0 0
54416131 0 0 0 0 0
54416134 0 0 0 0 0
54416138 0 0 1 10 0
54416140 0 0 0 0 0
54416147 0 0 1 0 0
54416159 0 0 1 0 0
54416164 0 0 1 0 0
54416182 0 0 1 0 0
54416185 0 0 1 43 0
54416196 0 0 1 0 0
54416228 0 0 0 0 0
54416237 0 0 0 0 0
54416263 0 0 0 0 0
54416270 0 0 1 0 0
54416280 0 0 0 0 0
54416282 0 0 1 0 0
54416303 0 0 1 0 0
54416304 0 0 1 0 0
54416307 0 0 1 0 0
54416339 0 0 1 0 0
54416366 0 0 1 0 0
54416367 0 0 0 0 0
54416369 0 0 0 0 0
54416370 0 0 1 0 0
54416388 0 0 1 6 0
54416391 0 0 0 0 0
54416431 0 0 1 0 0
54416432 0 0 0 0 0
54416438 0 0 1 12 0
54416442 0 0 1 0 0
54416451 0 0 0 0 0
54416456 0 0 1 0 0
54416477 0 0 0 0 0
54416482 0 0 0 0 0
54416496 1 0 1 4 0
54416510 0 0 0 0 0
54416512 0 0 0 0 0
54416536 0 0 1 0 0
54416543 0 0 0 0 0
54416545 0 0 1 0 0
54416548 0 0 0 0 0
54416556 0 0 1 10 0
54416561 0 0 1 18 0
54416563 0 0 1 0 0
54416584 0 0 0 0 0
54416595 0 0 1 0 0
54416628 0 0 0 0 0
54416643 0 0 0 0 0
54416653 0 0 0 0 0
54416658 0 0 1 0 0
54416665 0 0 0 0 0
54416669 0 0 1 0 0
54416680 0 0 0 0 0
54416693 0 0 0 0 0
54416700 0 0 1 0 0
54416715 0 0 1 0 0
54416728 0 0 1 0 0
54416742 0 0 1 0 0
54416750 0 0 1 0 0
54416754 0 0 1 0 0
54416795 0 0 0 0 0
54416801 0 0 0 0 0
54416802 0 0 0 0 0
54416827 0 0 1 0 0
54416835 0 0 0 0 0
54416838 0 0 1 0 0
54416847 0 0 1 18 0
54416866 0 0 0 0 0
54416870 0 0 0 0 0
54416883 0 0 0 0 0
54416891 0 0 1 0 0
54416902 0 0 1 27 0
54416907 0 0 0 0 0
54416916 0 0 0 0 0
54416917 0 0 0 0 0
54416923 0 0 0 0 0
54416943 0 0 0 0 0
54416950 0 0 0 0 0
54416952 0 0 0 0 0
54416956 0 0 1 0 0
54416965 0 0 0 0 0
54416966 0 0 1 0 0
54416973 0 0 0 0 0
54416974 0 0 0 0 0
54416989 0 0 0 0 0
54416993 0 0 1 0 0
54417007 0 0 1 0 0
54417017 0 0 1 30 0
54417032 0 0 0 0 0
54417035 0 0 1 0 0
54417050 0 0 0 0 0
54417055 0 0 0 0 0
54417082 0 0 1 22 0
54417087 0 0 1 0 0
54417105 0 0 0 0 0
54417111 0 0 1 0 0
54417126 6 0 1 3 0
54417128 0 0 1 13 0
54417134 0 0 1 2 0
54417138 0 0 1 222 0
54417158 0 0 1 0 0
54417160 0 0 0 0 0
54417161 0 0 1 0 0
54417176 0 0 0 160 0
54417184 0 0 0 0 0
54417192 0 0 0 0 0
54417198 0 0 0 0 0
54417208 0 0 1 0 0
54417261 0 0 0 0 0
54417262 0 0 1 99 0
54417263 0 0 1 0 0
54417271 0 0 1 0 0
54417272 0 0 1 0 0
54417308 0 0 1 18 0
54417313 0 0 0 0 0
54417344 0 0 0 0 0
54417346 0 0 1 0 0
54417364 0 0 0 0 0
54417368 0 0 0 0 0
54417376 0 0 1 0 0
54417390 0 0 1 0 0
54417391 0 0 0 0 0
54417398 0 0 0 0 0
54417408 0 0 1 12 0
54417411 0 0 1 0 0
54417415 0 0 0 0 0
54417416 0 0 1 0 0
54417443 0 0 0 0 0
54417445 0 0 0 0 0
54417452 0 0 1 0 0
54417465 0 0 1 0 0
54417467 0 0 1 0 0
54417477 0 0 1 18 0
54417478 0 0 0 0 0
54417479 0 0 0 0 0
54417486 0 0 0 0 0
54417507 0 0 1 0 0
54417513 0 0 0 0 0
54417521 0 0 1 0 0
54417538 0 0 1 18 0
54417556 0 0 1 0 0
54417559 0 0 1 0 0
54417570 0 0 0 0 0
54417576 0 0 1 0 0
54417589 0 0 0 0 0
54417596 0 0 0 0 0
54417597 0 0 0 0 0
54417631 0 0 0 0 0
54417645 0 0 1 0 0
54417663 0 0 1 0 0
54417670 0 0 1 0 0
54417677 0 0 1 0 0
54417702 0 0 0 0 0
54417713 0 0 0 0 0
54417723 0 0 0 0 0
54417737 0 0 1 0 0
54417767 0 0 1 18 0
54417769 0 0 1 1 0
54417802 0 0 1 0 0
54417806 0 0 0 0 0
54417815 0 0 1 0 0
54417823 0 0 1 0 0
54417828 0 0 1 0 0
54417832 0 0 0 0 0
54417838 0 0 0 0 0
54417839 0 0 0 0 0
54417856 0 0 0 0 0
54417866 0 0 1 0 0
54417875 0 0 1 0 0
54417903 0 0 1 0 0
54417905 0 0 0 0 0
54417921 0 0 0 0 0
54417925 0 0 1 0 0
54417926 0 0 1 0 0
54417933 0 0 0 0 0
54417946 0 0 0 0 0
54417957 0 0 1 0 0
54417961 0 0 0 0 0
54417966 0 0 1 0 0
54417969 0 0 1 0 0
54417982 0 0 0 0 0
54417990 0 0 1 0 0
54418018 0 0 1 0 0
54418024 0 0 1 20 0
54418026 0 0 0 0 0
54418027 0 0 0 0 0
54418029 0 0 1 0 0
54418033 0 0 1 0 0
54418047 0 0 0 0 0
54418067 0 0 0 0 0
54418071 0 0 0 0 0
54418103 0 0 0 0 0
54418107 0 0 1 0 0
54418128 0 0 1 0 0
54418130 0 0 0 0 0
54418137 0 0 1 26 0
54418161 0 0 0 6 0
54418192 0 0 1 0 0
54418204 0 0 0 0 0
54418214 0 0 0 0 0
54418222 0 0 1 12 0
54418229 0 0 0 0 0
54418244 0 0 0 0 0
54418268 0 0 0 0 0
54418275 0 0 1 0 0
54418277 0 0 0 0 0
54418284 0 0 0 0 0
54418285 0 0 1 0 0
54418288 0 0 0 0 0
54418297 0 0 1 0 0
54418308 0 0 1 0 0
54418318 0 0 1 12 0
54418330 0 0 1 0 0
54418331 0 0 0 0 0
54418340 0 0 1 0 0
54418415 0 0 0 0 0
54418420 0 0 1 0 0
54418422 0 0 1 11 0
54418434 0 0 1 0 0
54418455 0 0 0 0 0
54418493 0 0 1 0 0
54418498 0 0 0 0 0
54418501 0 0 1 0 0
54418524 0 0 1 0 0
54418535 0 0 1 0 0
54418537 0 0 1 0 0
54418538 0 0 1 32 0
54418562 0 0 0 0 0
54418607 0 0 0 0 0
54418613 0 0 0 0 0
54418621 0 0 0 8 0
54418642 0 0 0 0 0
54418650 0 0 0 0 0
54418652 0 0 1 0 0
54418663 0 0 1 21 0
54418689 0 0 1 0 0
54418697 0 0 0 0 0
54418698 0 0 1 0 0
54418700 0 0 1 0 0
54418703 0 0 1 5 0
54418709 0 0 1 0 0
54418723 0 0 0 0 0
54418768 0 0 1 0 0
54418789 0 0 0 6 0
54418804 0 0 0 0 0
54418811 0 0 0 0 0
54418819 0 0 1 0 0
54418839 0 0 0 3 0
54418847 25 0 1 139 0
54418862 0 0 1 0 0
54418887 0 0 0 0 0
54418889 0 0 1 0 0
54418901 0 0 1 0 0
54418908 0 0 0 0 0
54418917 0 0 1 90 0
54418953 0 0 1 0 0
54418965 0 0 0 0 0
54418967 0 0 0 0 0
54418970 0 0 0 0 0
54418972 0 0 0 0 0
54418994 0 0 0 0 0
54418996 0 0 0 0 0
54419002 0 0 1 0 0
54419010 0 0 0 0 0
54419013 0 0 0 0 0
54419014 0 0 0 0 0
54419016 0 0 1 0 0
54419017 0 0 1 0 0
54419032 0 0 0 0 0
54419035 0 0 0 0 0
54419047 0 0 0 0 0
54419050 0 0 0 0 0
54419077 0 0 1 0 0
54419099 0 0 0 3 0
54419100 0 0 0 0 0
54419101 0 0 0 0 0
54419104 0 0 1 0 0
54419112 0 0 1 6 0
54419115 0 0 1 327 0
54419121 0 0 0 0 0
54419134 0 0 1 0 0
54419138 0 0 0 0 0
54419158 0 0 1 0 0
54419164 0 0 0 0 0
54419166 0 0 1 0 0
54419168 0 0 1 0 0
54419180 0 0 0 10 0
54419214 0 0 1 0 0
54419235 0 0 1 6 0
54419239 0 0 1 18 0
54419246 0 0 1 0 0
54419256 0 0 0 0 0
54419258 0 0 0 0 0
54419263 0 0 0 0 0
54419271 0 0 0 0 0
54419277 0 0 0 0 0
54419286 0 0 1 0 0
54419309 0 0 0 0 0
54419312 0 0 0 0 0
54419320 0 0 0 0 0
54419346 0 0 1 0 0
54419351 0 0 1 0 0
54419352 0 0 1 0 0
54419384 0 0 1 10 0
54419385 0 0 1 0 0
54419387 0 0 1 6 0
54419417 0 0 1 0 0
54419427 0 0 0 0 0
54419431 0 0 0 0 0
54419432 0 0 1 0 0
54419443 0 0 0 0 0
54419460 0 0 1 0 0
54419468 0 0 0 0 0
54419504 66 0 1 261 0
54419528 0 0 0 0 0
54419538 0 0 0 0 0
54419563 0 0 0 0 0
54419564 0 0 0 0 0
54419567 0 0 0 0 0
54419571 0 0 0 0 0
54419589 0 0 0 0 0
54419621 0 0 1 0 0
54419627 0 0 0 0 0
54419646 0 0 0 0 0
54419661 0 0 0 0 0
54419674 0 0 1 0 0
54419687 0 0 1 0 0
54419696 0 0 0 0 0
54419697 0 0 1 0 0
54419701 0 0 1 0 0
54419703 0 0 1 12 0
54419705 0 0 0 0 0
54419711 0 0 0 0 0
54419735 0 0 1 0 0
54419744 0 0 1 6 0
54419765 0 0 0 0 0
54419766 0 0 0 0 0
54419768 0 0 0 0 0
54419777 0 0 1 0 0
54419792 0 0 1 0 0
54419793 0 0 0 0 0
54419802 0 0 1 0 0
54419804 0 0 1 19 0
54419808 0 0 0 0 0
54419812 0 0 1 12 0
54419814 0 0 1 0 0
54419836 0 0 0 0 0
54419861 0 0 1 0 0
54419915 0 0 0 0 0
54419941 0 0 1 0 0
54419949 0 0 0 0 0
54419951 0 0 1 0 0
54419954 0 0 0 0 0
54419975 0 0 0 0 0
54420001 0 0 0 0 0
54420003 0 0 0 17 0
54420010 0 0 0 0 0
54420033 0 0 0 0 0
54420049 0 0 0 0 0
54420055 0 0 0 0 0
54420058 0 0 1 0 0
54420063 0 0 1 0 0
54420065 0 0 1 0 0
54420069 0 0 0 0 0
54420073 0 0 0 0 0
54420080 0 0 1 0 0
54420087 0 0 0 0 0
54420113 0 0 1 0 0
54420143 0 0 1 0 0
54420157 0 0 1 0 0
54420158 0 0 0 0 0
54420170 0 0 0 0 0
54420173 0 0 1 0 0
54420176 0 0 0 0 0
54420203 0 0 0 0 0
54420211 0 0 0 0 0
54420228 0 0 0 0 0
54420231 0 0 0 0 0
54420236 0 0 1 12 0
54420239 0 0 0 6 0
54420240 0 0 0 0 0
54420264 0 0 0 0 0
54420267 0 0 1 0 0
54420276 0 0 1 0 0
54420296 0 0 0 0 0
54420308 0 0 1 18 0
54420316 0 0 1 0 0
54420317 0 0 1 0 0
54420359 0 0 0 0 0
54420382 0 0 0 0 0
54420385 0 0 1 0 0
54420403 0 0 0 0 0
54420419 0 0 0 3 0
54420425 0 0 1 230 0
54420426 0 0 1 0 0
54420432 0 0 0 0 0
54420449 0 0 0 0 0
54420503 0 0 0 0 0
54420504 0 0 1 0 0
54420506 0 0 0 0 0
54420508 0 0 0 0 0
54420512 0 0 1 0 0
54420523 0 0 1 0 0
54420537 0 0 0 0 0
54420543 0 0 0 0 0
54420563 0 0 1 0 0
54420582 0 0 0 0 0
54420583 0 0 1 0 0
54420597 0 0 1 12 0
54420598 0 0 1 0 0
54420604 0 0 1 12 0
54420620 0 0 0 0 0
54420629 0 0 0 0 0
54420633 0 0 1 0 0
54420651 0 0 1 54 0
54420658 0 0 1 0 0
54420665 0 0 1 0 0
54420693 0 0 0 0 0
54420694 0 0 1 0 0
54420695 0 0 1 0 0
54420704 0 0 0 0 0
54420710 0 0 0 0 0
54420751 0 0 0 0 0
54420758 0 0 1 0 0
54420782 0 0 1 18 0
54420783 0 0 1 0 0
54420817 0 0 1 0 0
54420820 0 0 1 0 0
54420822 0 0 1 0 0
54420857 0 0 1 0 0
54420863 0 0 1 0 0
54420871 0 0 1 0 0
54420872 0 0 0 0 0
54420878 0 0 0 0 0
54420882 0 0 1 0 0
54420885 0 0 1 0 0
54420894 0 0 1 0 0
54420905 0 0 1 0 0
54420909 0 0 1 0 0
54420912 0 0 0 0 0
54420913 0 0 0 0 0
54420919 0 0 0 0 0
54420923 0 0 1 0 0
54420933 0 0 0 0 0
54420934 0 0 0 0 0
54420941 0 0 0 0 0
54420944 0 0 0 0 0
54420958 0 0 0 0 0
54420975 0 0 1 0 0
54420985 0 0 1 0 0
54420999 0 0 0 0 0
54421005 0 0 0 0 0
54421006 0 0 1 0 0
54421028 0 0 0 0 0
54421034 0 0 1 0 0
54421046 0 0 0 0 0
54421053 0 0 0 0 0
54421084 0 0 0 0 0
54421123 0 0 1 0 0
54421139 0 0 0 0 0
54421145 0 0 1 0 0
54421159 0 0 0 0 0
54421161 0 0 1 0 0
54421166 0 0 1 0 0
54421193 0 0 0 0 0
54421194 0 0 1 44 0
54421207 0 0 0 0 0
54421225 0 0 0 0 0
54421240 0 0 0 6 0
54421292 0 0 0 0 0
54421293 0 0 0 0 0
54421304 0 0 0 0 0
54421314 0 0 0 0 0
54421327 0 0 1 0 0
54421344 0 0 1 0 0
54421347 0 0 1 0 0
54421354 0 0 0 12 0
54421365 0 0 1 0 0
54421377 0 0 1 0 0
54421388 0 0 0 0 0
54421397 0 0 1 12 0
54421413 0 0 0 41 0
54421450 0 0 0 0 0
54421454 0 0 1 0 0
54421460 0 0 0 0 0
54421482 0 0 1 0 0
54421498 0 0 0 0 0
54421509 0 0 1 18 0
54421523 0 0 1 0 0
54421524 0 0 1 24 0
54421531 0 0 1 0 0
54421547 0 0 1 0 0
54421550 0 0 1 0 0
54421560 0 0 1 12 0
54421561 0 0 1 0 0
54421563 0 0 0 0 0
54421592 0 0 1 0 0
54421594 0 0 1 0 0
54421598 0 0 1 35 0
54421616 0 0 1 18 0
54421622 0 0 0 78 0
54421645 0 0 0 0 0
54421650 0 0 1 31 0
54421662 0 0 1 0 0
54421670 0 0 1 0 0
54421676 0 0 1 0 0
54421709 0 0 0 0 0
54421713 0 0 0 0 0
54421718 0 0 0 0 0
54421719 0 0 0 0 0
54421727 0 0 0 0 0
54421760 0 0 1 18 0
54421763 0 0 1 0 0
54421766 0 0 1 0 0
54421788 0 0 1 0 0
54421789 0 0 0 0 0
54421790 0 0 1 0 0
54421802 0 0 0 0 0
54421804 0 0 1 0 0
54421813 0 0 1 12 0
54421824 0 0 1 18 0
54421837 0 0 0 0 0
54421854 0 0 1 0 0
54421859 0 0 1 59 0
54421890 0 0 1 0 0
54421900 0 0 0 0 0
54421907 0 0 1 12 0
54421912 0 0 1 0 0
54421926 0 0 1 161 0
54421936 0 0 1 18 0
54421941 0 0 1 18 0
54421945 0 0 1 0 0
54421970 0 0 1 0 0
54421976 0 0 1 0 0
54421989 0 0 1 18 0
54422007 0 0 1 0 0
54422011 0 0 1 0 0
54422054 0 0 0 0 0
54422057 0 0 0 0 0
54422097 0 0 1 0 0
54422102 0 0 0 0 0
54422110 0 0 1 0 0
54422120 0 0 1 0 0
54422125 0 0 1 18 0
54422142 0 0 1 10 0
54422154 0 0 1 0 0
54422165 0 0 1 0 0
54422167 0 0 1 0 0
54422186 0 0 0 0 0
54422195 2 0 1 50 0
54422200 0 0 0 0 0
54422204 0 0 0 0 0
54422211 0 0 1 0 0
54422212 0 0 1 0 0
54422213 0 0 1 0 0
54422221 0 0 1 0 0
54422228 0 0 1 18 0
54422247 0 0 1 0 0
54422256 0 0 1 0 0
54422260 0 0 1 0 0
54422266 0 0 0 1 0
54422268 0 0 0 0 0
54422275 0 0 1 0 0
54422283 0 0 1 9 0
54422293 0 0 1 0 0
54422303 0 0 0 0 0
54422309 0 0 0 0 0
54422314 0 0 1 0 0
54422325 0 0 0 0 0
54422329 0 0 0 0 0
54422330 0 0 0 0 0
54422333 0 0 0 0 0
54422354 0 0 1 0 0
54422356 0 0 1 0 0
54422362 0 0 0 0 0
54422369 0 0 0 0 0
54422376 0 0 1 0 0
54422380 0 0 1 0 0
54422398 0 0 0 0 0
54422402 0 0 1 0 0
54422403 0 0 1 0 0
54422417 0 0 1 0 0
54422423 0 0 1 0 0
54422457 0 0 1 31 0
54422458 0 0 0 0 0
54422464 0 0 0 0 0
54422466 0 0 0 0 0
54422471 0 0 1 0 0
54422476 0 0 0 0 0
54422489 0 0 1 0 0
54422494 0 0 1 18 0
54422495 0 0 0 0 0
54422516 0 0 0 0 0
54422518 0 0 1 0 0
54422524 0 0 1 0 0
54422539 0 0 0 0 0
54422588 0 0 0 0 0
54422609 0 0 0 0 0
54422617 0 0 1 0 0
54422623 0 0 0 0 0
54422628 0 0 1 0 0
54422630 0 0 1 13 0
54422651 0 0 1 18 0
54422693 0 0 1 0 0
54422697 0 0 0 0 0
54422704 0 0 0 0 0
54422705 0 0 1 0 0
54422711 0 0 1 0 0
54422715 0 0 0 0 0
54422731 0 0 0 0 0
54422732 0 0 1 12 0
54422734 0 0 0 0 0
54422747 0 0 0 0 0
54422749 0 0 0 0 0
54422755 0 0 1 22 0
54422773 0 0 0 0 0
54422776 0 0 0 0 0
54422795 0 0 1 0 0
54422816 0 0 0 0 0
54422823 0 0 1 0 0
54422828 0 0 1 0 0
54422833 0 0 0 0 0
54422839 0 0 1 0 0
54422906 0 0 1 569 41
54422914 0 0 1 10 0
54422926 0 0 1 153 0
54422928 0 0 1 0 0
54422945 0 0 0 0 0
54422947 0 0 0 0 0
54422948 0 0 1 0 0
54422966 0 0 0 0 0
54422971 0 0 0 0 0
54422989 0 0 1 282 0
54422995 0 0 0 0 0
54423007 0 0 0 0 0
54423021 0 0 1 0 0
54423026 0 0 1 0 0
54423028 0 0 0 0 0
54423032 0 0 1 225 0
54423058 0 0 0 0 0
54423063 0 0 1 10 0
54423084 0 0 1 0 0
54423096 0 0 1 33 0
54423099 0 0 1 0 0
54423117 0 0 1 0 0
54423121 0 0 1 0 0
54423139 0 0 0 11 0
54423149 0 0 1 0 0
54423156 0 0 1 0 0
54423161 0 0 1 19 0
54423162 0 0 1 0 0
54423173 0 0 1 0 0
54423177 0 0 0 0 0
54423203 0 0 1 0 0
54423204 0 0 0 0 0
54423205 0 0 0 0 0
54423206 0 0 0 0 0
54423212 0 0 1 0 0
54423224 0 0 0 17 0
54423235 0 0 1 0 0
54423244 0 0 1 0 0
54423258 0 0 1 0 0
54423262 0 0 1 0 0
54423275 0 0 1 0 0
54423278 0 0 1 0 0
54423281 0 0 1 18 0
54423285 0 0 1 0 0
54423287 0 0 0 0 0
54423292 0 0 1 18 0
54423301 0 0 1 0 0
54423324 0 0 1 0 0
54423328 0 0 0 0 0
54423342 0 0 0 0 0
54423350 0 0 1 24 0
54423366 0 0 0 0 0
54423369 0 0 1 0 0
54423373 0 0 0 12 0
54423397 0 0 1 0 0
54423405 0 0 0 0 0
54423411 0 0 0 0 0
54423430 0 0 0 0 0
54423434 0 0 1 0 0
54423457 0 0 1 0 0
54423462 0 0 0 0 0
54423468 0 0 1 0 0
54423487 0 0 1 0 0
54423511 0 0 0 0 0
54423535 0 0 1 0 0
54423551 0 0 0 0 0
54423565 0 0 1 0 0
54423567 0 0 1 0 0
54423572 0 0 1 133 0
54423582 0 0 1 0 0
54423589 0 0 0 0 0
54423610 0 0 1 0 0
54423616 0 0 1 0 0
54423617 0 0 0 0 0
54423620 0 0 0 0 0
54423621 0 0 0 0 0
54423646 0 0 1 0 0
54423648 0 0 1 0 0
54423687 0 0 1 10 0
54423694 0 0 0 0 0
54423706 0 0 1 154 0
54423776 0 0 0 0 0
54423814 0 0 1 5 0
54423816 0 0 0 0 0
54423819 0 0 0 0 0
54423822 0 0 1 0 0
54423830 0 0 0 0 0
54423846 0 0 0 0 0
54423870 0 0 1 10 0
54423874 0 0 0 0 0
54423883 0 0 1 0 0
54423937 0 0 1 0 0
54424004 0 0 1 114 0
54424020 0 0 1 0 0
54424041 0 0 1 0 0
54424054 0 0 0 0 0
54424073 0 0 1 0 0
54424084 0 0 0 0 0
54424087 0 0 1 0 0
54424106 0 0 1 0 0
54424110 0 0 1 0 0
54424114 0 0 1 12 0
54424147 0 0 0 0 0
54424168 0 0 1 0 0
54424178 0 0 0 0 0
54424196 0 0 1 0 0
54424198 0 0 1 0 0
54424231 0 0 1 0 0
54424265 0 0 1 0 0
54424269 0 0 1 0 0
54424271 0 0 0 0 0
54424273 0 0 0 0 0
54424281 0 0 0 0 0
54424286 0 0 1 0 0
54424291 0 0 0 0 0
54424293 0 0 0 0 0
54424310 0 0 0 0 0
54424313 0 0 0 0 0
54424326 0 0 0 0 0
54424339 0 0 1 0 0
54424350 0 0 1 0 0
54424366 0 0 0 0 0
54424380 0 0 0 0 0
54424396 0 0 0 0 0
54424404 0 0 0 6 0
54424406 0 0 0 0 0
54424410 11 0 1 33 0
54424419 0 0 1 0 0
54424425 0 0 1 0 0
54424437 0 0 1 0 0
54424439 0 0 0 0 0
54424444 0 0 0 0 0
54424454 0 0 1 0 0
54424475 0 0 1 0 0
54424479 0 0 1 352 0
54424480 0 0 1 12 0
54424483 0 0 0 0 0
54424489 0 0 1 0 0
54424494 0 0 1 0 0
54424496 0 0 1 0 0
54424504 0 0 0 0 0
54424511 0 0 1 0 0
54424534 0 0 1 0 0
54424541 0 0 0 0 0
54424555 0 0 0 0 0
54424572 0 0 1 0 0
54424577 0 0 1 0 0
54424585 0 0 0 0 0
54424609 0 0 0 0 0
54424613 0 0 1 0 0
54424624 0 0 1 0 0
54424625 0 0 1 0 0
54424635 0 0 1 0 0
54424643 0 0 1 12 0
54424648 0 0 0 0 0
54424671 0 0 1 18 0
54424698 0 0 1 28 0
54424711 0 0 1 0 0
54424718 0 0 1 0 0
54424729 0 0 0 0 0
54424733 0 0 1 0 0
54424742 0 0 1 0 0
54424746 0 0 1 0 0
54424760 0 0 0 0 0
54424773 0 0 0 0 0
54424775 0 0 1 25 0
54424807 0 0 1 0 0
54424815 0 0 0 0 0
54424816 0 0 1 0 0
54424817 0 0 1 0 0
54424820 0 0 1 0 0
54424822 0 0 1 38 0
54424835 0 0 1 0 0
54424840 0 0 1 0 0
54424844 0 0 1 18 0
54424846 0 0 1 12 0
54424859 0 0 0 0 0
54424860 0 0 1 0 0
54424868 0 0 0 0 0
54424873 0 0 1 0 0
54424886 0 0 0 0 0
54424891 0 0 0 0 0
54424892 0 0 1 0 0
54424921 0 0 1 0 0
54424926 0 0 1 18 0
54424933 0 0 1 0 0
54424935 0 0 1 0 0
54424940 0 0 0 0 0
54424972 0 0 0 0 0
54424994 0 0 0 0 0
54425002 0 0 0 0 0
54425008 0 0 1 0 0
54425012 0 0 1 24 0
54425031 0 0 1 33 0
54425032 3 0 1 35 0
54425045 0 0 0 0 0
54425048 0 0 1 0 0
54425051 0 0 0 0 0
54425072 0 0 1 18 0
54425073 0 0 0 0 0
54425078 0 0 1 0 0
54425081 0 0 0 0 0
54425097 0 0 1 12 0
54425102 0 0 1 0 0
54425103 0 0 1 0 0
54425154 0 0 1 0 0
54425160 0 0 0 6 0
54425180 0 0 0 0 0
54425197 0 0 0 0 0
54425247 0 0 0 0 0
54425254 0 0 0 0 0
54425259 0 0 1 0 0
54425264 0 0 0 0 0
54425268 0 0 0 0 0
54425300 0 0 0 0 0
54425303 0 0 0 0 0
54425304 0 0 0 0 0
54425334 0 0 1 0 0
54425343 0 0 1 0 0
54425354 0 0 1 12 0
54425355 0 0 1 12 0
54425365 0 0 1 0 0
54425376 0 0 1 17 0
54425394 0 0 1 18 0
54425400 0 0 1 25 0
54425402 0 0 1 18 0
54425405 0 0 1 0 0
54425408 0 0 0 0 0
54425416 0 0 0 0 0
54425431 0 0 1 0 0
54425448 0 0 1 54 0
54425463 0 0 0 0 0
54425465 0 0 1 18 0
54425510 0 0 1 0 0
54425525 0 0 0 0 0
54425543 0 0 0 0 0
54425549 0 0 1 0 0
54425565 0 0 0 0 0
54425593 0 0 0 0 0
54425602 0 0 0 0 0
54425604 0 0 1 24 0
54425615 0 0 1 37 0
54425617 0 0 0 0 0
54425621 0 0 0 0 0
54425648 0 0 1 0 0
54425649 0 0 1 0 0
54425653 0 0 0 0 0
54425655 0 0 0 0 0
54425656 0 0 0 0 0
54425666 0 0 1 24 0
54425690 0 0 0 0 0
54425699 0 0 1 29 0
54425719 0 0 1 7 0
54425760 0 0 1 18 0
54425780 0 0 0 0 0
54425784 0 0 0 0 0
54425803 0 0 1 0 0
54425819 0 0 1 36 0
54425827 0 0 1 0 0
54425838 0 0 1 10 0
54425840 0 0 1 0 0
54425854 0 0 1 10 0
54425863 0 0 0 0 0
54425888 0 0 0 0 0
54425898 0 0 0 0 0
54425912 0 0 0 0 0
54425918 0 0 1 0 0
54425926 0 0 1 0 0
54425933 0 0 0 0 0
54425945 0 0 1 0 0
54425946 0 0 0 0 0
54425949 0 0 0 0 0
54425954 0 0 0 0 0
54425979 0 0 0 0 0
54425983 0 0 1 0 0
54425996 0 0 1 0 0
54426001 0 0 1 0 0
54426038 0 0 0 79 0
54426048 0 0 0 0 0
54426050 0 0 0 0 0
54426062 0 0 0 0 0
54426076 0 0 0 0 0
54426079 0 0 1 0 0
54426080 0 0 0 0 0
54426091 0 0 1 0 0
54426096 0 0 0 0 0
54426107 0 0 1 0 0
54426109 0 0 1 0 0
54426114 0 0 1 13 0
54426140 0 0 1 151 0
54426141 0 0 0 0 0
54426148 0 0 1 0 0
54426153 0 0 1 0 0
54426166 0 0 1 18 0
54426195 0 0 1 18 0
54426225 0 0 1 0 0
54426234 0 0 0 0 0
54426244 0 0 1 12 0
54426257 0 0 1 18 0
54426268 0 0 0 0 0
54426284 0 0 0 0 0
54426298 0 0 0 0 0
54426299 0 0 1 0 0
54426300 0 0 0 0 0
54426319 0 0 1 0 0
54426325 0 0 1 22 0
54426331 0 0 0 0 0
54426374 0 0 0 0 0
54426376 0 0 0 0 0
54426377 0 0 0 0 0
54426381 0 0 1 0 0
54426382 0 0 0 0 0
54426383 0 0 1 0 0
54426384 0 0 1 18 0
54426410 0 0 0 0 0
54426411 0 0 1 0 0
54426413 0 0 1 18 0
54426414 0 0 1 0 0
54426418 0 0 0 0 0
54426429 0 0 0 0 0
54426439 0 0 0 0 0
54426446 0 0 1 24 0
54426461 0 0 1 215 0
54426479 0 0 0 0 0
54426480 0 0 1 0 0
54426506 0 0 1 18 0
54426508 0 0 1 18 0
54426518 0 0 1 0 0
54426519 0 0 1 0 0
54426531 0 0 0 0 0
54426537 0 0 0 0 0
54426538 0 0 1 0 0
54426546 0 0 1 0 0
54426550 0 0 0 0 0
54426551 0 0 0 0 0
54426554 0 0 1 0 0
54426560 0 0 0 0 0
54426580 0 0 0 0 0
54426585 0 0 1 84 0
54426602 0 0 0 0 0
54426605 0 0 1 0 0
54426607 0 0 1 0 0
54426609 0 0 1 0 0
54426626 5 0 1 18 0
54426649 0 0 0 0 0
54426655 0 0 0 0 0
54426666 0 0 1 391 0
54426668 0 0 1 0 0
54426673 0 0 0 0 0
54426701 0 0 0 0 0
54426703 0 0 1 12 0
54426718 0 0 1 0 0
54426732 0 0 0 0 0
54426742 0 0 0 65 0
54426749 0 0 0 0 0
54426761 0 0 0 0 0
54426780 0 0 1 0 0
54426790 0 0 1 0 0
54426796 0 0 0 0 0
54426799 0 0 0 0 0
54426809 0 0 0 0 0
54426810 0 0 0 0 0
54426813 0 0 1 0 0
54426815 0 0 0 0 0
54426821 0 0 0 0 0
54426830 0 0 1 0 0
54426831 0 0 0 0 0
54426847 0 0 0 0 0
54426863 0 0 0 0 0
54426869 0 0 1 0 0
54426884 0 0 1 0 0
54426892 0 0 1 21 0
54426900 0 0 0 0 0
54426901 0 0 1 0 0
54426902 0 0 0 0 0
54426909 0 0 1 12 0
54426913 0 0 1 18 0
54426917 0 0 1 0 0
54426925 0 0 1 23 0
54426927 0 0 0 0 0
54426936 0 0 0 0 0
54426946 0 0 1 0 0
54426956 0 0 1 0 0
54426973 0 0 0 0 0
54426977 0 0 0 0 0
54426995 0 0 0 0 0
54427002 0 0 0 0 0
54427015 0 0 1 0 0
54427016 0 0 1 0 0
54427024 0 0 0 0 0
54427043 0 0 1 0 0
54427052 0 0 0 0 0
54427054 0 0 1 0 0
54427061 0 0 0 0 0
54427067 0 0 0 0 0
54427079 0 0 1 0 0
54427098 0 0 1 0 0
54427099 0 0 1 0 0
54427120 0 0 1 0 0
54427123 0 0 0 0 0
54427130 0 0 1 0 0
54427131 0 0 0 0 0
54427134 0 0 0 0 0
54427151 0 0 1 0 0
54427153 0 0 0 0 0
54427157 0 0 1 0 0
54427201 0 0 1 0 0
54427203 0 0 0 0 0
54427205 0 0 1 0 0
54427210 0 0 1 0 0
54427213 0 0 1 0 0
54427215 0 0 0 0 0
54427230 0 0 1 18 0
54427233 0 0 0 0 0
54427248 0 0 1 18 0
54427256 0 0 0 0 0
54427263 0 0 1 0 0
54427267 0 0 1 0 0
54427268 0 0 0 0 0
54427274 0 0 1 0 0
54427285 0 0 0 0 0
54427288 0 0 0 0 0
54427293 0 0 1 0 0
54427301 0 0 0 0 0
54427323 0 0 1 0 0
54427326 0 0 0 0 0
54427331 0 0 0 0 0
54427334 0 0 0 0 0
54427345 0 0 0 0 0
54427348 0 0 1 0 0
54427360 0 0 1 8 0
54427376 0 0 1 0 0
54427402 0 0 1 0 0
54427410 0 0 0 0 0
54427415 0 0 1 0 0
54427418 0 0 1 29 0
54427450 0 0 0 0 0
54427458 0 0 1 0 0
54427460 0 0 1 0 0
54427463 0 0 1 0 0
54427480 0 0 1 6 0
54427483 0 0 1 0 0
54427495 0 0 0 0 0
54427540 0 0 0 0 0
54427554 0 0 1 0 0
54427567 0 0 1 0 0
54427572 0 0 1 0 0
54427575 0 0 0 0 0
54427579 0 0 1 0 0
54427598 0 0 1 87 0
54427600 0 0 1 0 0
54427624 0 0 1 0 0
54427638 0 0 0 0 0
54427641 0 0 1 0 0
54427651 0 0 1 0 0
54427660 0 0 1 0 0
54427666 0 0 1 0 0
54427670 0 0 1 6 0
54427676 0 0 0 0 0
54427678 0 0 0 0 0
54427692 0 0 0 0 0
54427724 0 0 1 0 0
54427733 0 0 0 0 0
54427738 0 0 1 0 0
54427744 0 0 0 0 0
54427745 0 0 1 0 0
54427753 0 0 1 0 0
54427755 0 0 1 12 0
54427756 0 0 1 0 0
54427777 0 0 0 0 0
54427780 0 0 0 0 0
54427788 0 0 1 0 0
54427798 0 0 0 0 0
54427805 0 0 0 0 0
54427819 0 0 1 0 0
54427840 0 0 1 16 0
54427846 0 0 1 0 0
54427862 0 0 0 0 0
54427895 0 0 0 0 0
54427905 0 0 1 0 0
54427909 0 0 0 0 0
54427911 0 0 1 0 0
54427916 108 0 1 73 0
54427925 0 0 1 18 0
54427933 0 0 1 0 0
54427938 0 0 1 0 0
54427945 0 0 0 0 0
54427954 0 0 0 0 0
54427981 0 0 1 12 0
54427989 0 0 1 0 0
54427993 0 0 1 0 0
54428003 0 0 1 0 0
54428010 0 0 0 0 0
54428012 0 0 0 0 0
54428015 0 0 1 12 0
54428036 0 0 0 0 0
54428038 0 0 1 0 0
54428045 0 0 0 0 0
54428052 0 0 1 0 0
54428063 0 0 1 0 0
54428064 0 0 0 0 0
54428072 0 0 1 0 0
54428076 0 0 0 0 0
54428077 0 0 0 0 0
54428085 0 0 0 0 0
54428098 0 0 0 0 0
54428121 0 0 1 0 0
54428123 0 0 0 0 0
54428124 0 0 1 0 0
54428136 0 0 1 0 0
54428142 0 0 0 0 0
54428144 0 0 0 0 0
54428146 0 0 1 10 0
54428153 0 0 0 0 0
54428161 0 0 1 0 0
54428169 0 0 1 0 0
54428174 0 0 1 0 0
54428180 0 0 1 0 0
54428188 0 0 0 0 0
54428197 0 0 0 0 0
54428203 0 0 0 0 0
54428218 0 0 1 104 0
54428225 0 0 1 36 0
54428228 0 0 0 0 0
54428235 0 0 1 33 0
54428236 0 0 0 0 0
54428253 0 0 0 0 0
54428254 0 0 0 0 0
54428273 0 0 1 8 0
54428298 0 0 0 0 0
54428303 0 0 1 0 0
54428304 0 0 0 0 0
54428315 0 0 1 0 0
54428326 0 0 0 0 0
54428330 0 0 1 0 0
54428333 0 0 1 0 0
54428339 0 0 1 23 0
54428340 0 0 0 0 0
54428341 0 0 0 0 0
54428346 0 0 0 0 0
54428347 0 0 1 0 0
54428349 0 0 1 0 0
54428357 0 0 0 0 0
54428383 0 0 0 0 0
54428384 0 0 1 0 0
54428413 0 0 1 0 0
54428420 0 0 0 0 0
54428458 0 0 1 0 0
54428460 0 0 0 0 0
54428469 0 0 1 0 0
54428471 0 0 0 12 0
54428478 0 0 1 0 0
54428495 0 0 0 0 0
54428504 0 0 0 0 0
54428511 0 0 1 0 0
54428513 0 0 1 0 0
54428530 0 0 0 0 0
54428554 0 0 1 6 0
54428563 0 0 1 18 0
54428577 0 0 0 0 0
54428608 0 0 1 0 0
54428613 0 0 1 0 0
54428628 0 0 1 0 0
54428630 0 0 1 0 0
54428635 0 0 1 0 0
54428649 0 0 0 0 0
54428658 0 0 1 0 0
54428663 0 0 1 12 0
54428664 0 0 1 0 0
54428667 0 0 1 0 0
54428690 0 0 0 0 0
54428695 0 0 1 0 0
54428697 0 0 1 0 0
54428704 0 0 1 0 0
54428717 0 0 0 0 0
54428722 0 0 1 0 0
54428725 0 0 0 0 0
54428728 0 0 0 0 0
54428732 0 0 1 0 0
54428733 0 0 0 0 0
54428756 0 0 1 0 0
54428760 0 0 1 0 0
54428765 0 0 0 0 0
54428768 0 0 1 0 0
54428776 0 0 1 0 0
54428777 0 0 0 0 0
54428783 0 0 0 0 0
54428792 0 0 1 0 0
54428797 0 0 0 0 0
54428808 0 0 1 250 0
54428810 0 0 1 0 0
54428821 0 0 1 0 0
54428844 0 0 1 18 0
54428846 0 0 0 0 0
54428871 0 0 1 30 0
54428872 0 0 1 0 0
54428885 0 0 0 0 0
54428886 0 0 0 0 0
54428912 0 0 1 0 0
54428913 0 0 1 0 0
54428929 0 0 1 0 0
54428941 0 0 0 0 0
54428968 0 0 0 0 0
54428973 0 0 1 0 0
54428978 0 0 0 0 0
54428979 0 0 0 0 0
54428985 0 0 1 0 0
54428991 0 0 1 47 10
54429003 0 0 0 0 0
54429007 0 0 1 0 0
54429013 0 0 0 0 0
54429020 0 0 0 0 0
54429026 0 0 1 0 0
54429051 0 0 0 0 0
54429056 0 0 0 0 0
54429075 0 0 0 0 0
54429082 0 0 0 0 0
54429091 0 0 0 0 0
54429101 0 0 0 0 0
54429102 0 0 0 0 0
54429123 0 0 0 0 0
54429129 0 0 0 0 0
54429148 0 0 1 0 0
54429150 0 0 0 0 0
54429152 0 0 0 0 0
54429157 0 0 1 0 0
54429162 0 0 1 0 0
54429175 0 0 1 10 0
54429184 0 0 1 0 0
54429187 0 0 1 0 0
54429188 0 0 0 0 0
54429191 0 0 0 0 0
54429194 0 0 1 1454 0
54429213 0 0 0 0 0
54429224 0 0 1 0 0
54429241 0 0 1 24 0
54429252 0 0 1 0 0
54429277 0 0 1 0 0
54429288 0 0 0 0 0
54429303 0 0 1 0 0
54429304 0 0 0 0 0
54429318 0 0 1 0 0
54429339 0 0 0 0 0
54429341 0 0 0 0 0
54429347 0 0 0 0 0
54429364 0 0 1 0 0
54429386 0 0 0 6 0
54429387 0 0 0 0 0
54429390 0 0 0 0 0
54429403 90 0 1 104 0
54429424 0 0 1 18 0
54429427 0 0 0 0 0
54429438 0 0 0 0 0
54429440 0 0 0 0 0
54429451 0 0 0 0 0
54429455 0 0 0 0 0
54429458 0 0 1 0 0
54429465 0 0 0 0 0
54429466 0 0 1 18 0
54429468 0 0 1 0 0
54429481 0 0 1 0 0
54429483 0 0 0 0 0
54429489 0 0 0 0 0
54429499 0 0 1 18 0
54429512 0 0 1 0 0
54429546 0 0 1 0 0
54429547 0 0 0 0 0
54429549 0 0 0 0 0
54429558 0 0 1 0 0
54429565 0 0 1 0 0
54429572 0 0 0 0 0
54429574 0 0 1 0 0
54429618 0 0 1 0 0
54429622 0 0 1 0 0
54429657 0 0 1 0 0
54429686 0 0 0 0 0
54429712 0 0 1 177 0
54429728 0 0 1 0 0
54429729 0 0 0 0 0
54429731 0 0 0 0 0
54429739 0 0 1 0 0
54429747 0 0 1 0 0
54429750 0 0 0 0 0
54429761 0 0 1 45 0
54429764 0 0 1 37 0
54429770 0 0 1 0 0
54429772 0 0 0 0 0
54429781 0 0 0 0 0
54429785 0 0 1 2 0
54429790 0 0 1 0 0
54429791 0 0 1 10 0
54429800 0 0 0 0 0
54429806 0 0 1 0 0
54429813 0 0 1 0 0
54429816 0 0 1 18 0
54429820 0 0 1 0 0
54429834 0 0 0 0 0
54429862 0 0 0 0 0
54429866 0 0 0 0 0
54429872 0 0 0 0 0
54429878 0 0 0 0 0
54429882 0 0 1 0 0
54429896 0 0 0 0 0
54429913 0 0 1 35 0
54429935 0 0 1 18 0
54429936 0 0 1 0 0
54429947 0 0 1 0 0
54429954 0 0 1 24 0
54429961 0 0 0 0 0
54429968 0 0 0 0 0
54429982 0 0 0 0 0
54429992 0 0 1 18 0
54430025 0 0 0 0 0
54430026 0 0 1 0 0
54430028 0 0 0 0 0
54430034 0 0 1 0 0
54430043 0 0 1 0 0
54430045 0 0 1 0 0
54430060 0 0 1 0 0
54430081 0 0 1 333 37
54430085 0 0 1 0 0
54430091 0 0 1 0 0
54430093 0 0 1 30 0
54430100 0 0 1 0 0
54430101 0 0 0 0 0
54430115 0 0 1 0 0
54430135 0 0 1 0 0
54430155 0 0 1 18 0
54430169 0 0 0 0 0
54430175 0 0 1 10 0
54430219 0 0 0 0 0
54430223 0 0 0 0 0
54430230 0 0 0 0 0
54430239 0 0 0 6 0
54430269 0 0 1 0 0
54430282 0 0 1 0 0
54430315 0 0 0 0 0
54430324 0 0 0 0 0
54430337 0 0 0 0 0
54430355 0 0 0 0 0
54430367 0 0 0 0 0
54430369 0 0 1 0 0
54430371 0 0 0 0 0
54430383 0 0 1 0 0
54430407 0 0 1 0 0
54430408 0 0 1 0 0
54430435 0 0 1 0 0
54430454 0 0 1 20 0
54430470 0 0 0 6 0
54430478 0 0 0 0 0
54430481 0 0 1 0 0
54430535 0 0 1 0 0
54430537 0 0 0 0 0
54430551 0 0 0 0 0
54430558 0 0 1 0 0
54430566 0 0 1 0 0
54430582 0 0 1 0 0
54430595 0 0 0 0 0
54430596 0 0 0 6 0
54430600 0 0 1 0 0
54430601 0 0 1 0 0
54430614 0 0 0 0 0
54430615 0 0 0 0 0
54430619 0 0 1 37 0
54430629 0 0 0 0 0
54430638 0 0 0 0 0
54430664 0 0 0 0 0
54430671 0 0 0 0 0
54430673 0 0 1 0 0
54430685 0 0 1 0 0
54430687 0 0 1 0 0
54430733 0 0 0 0 0
54430743 0 0 0 0 0
54430745 0 0 0 0 0
54430757 0 0 0 0 0
54430759 0 0 1 0 0
54430768 0 0 0 0 0
54430771 0 0 0 0 0
54430778 0 0 1 408 0
54430796 0 0 0 0 0
54430797 0 0 1 35 0
54430802 0 0 1 0 0
54430803 0 0 0 0 0
54430808 0 0 1 0 0
54430815 0 0 0 0 0
54430818 0 0 1 0 0
54430826 0 0 0 0 0
54430828 0 0 1 18 0
54430832 0 0 0 0 0
54430838 0 0 1 30 0
54430842 0 0 0 0 0
54430844 0 0 1 0 0
54430847 0 0 1 0 0
54430852 0 0 1 0 0
54430878 0 0 1 0 0
54430892 0 0 0 0 0
54430904 0 0 1 0 0
54430905 0 0 0 0 0
54430929 0 0 1 10 0
54430939 0 0 1 0 0
54430948 0 0 0 0 0
54430953 0 0 0 0 0
54430958 0 0 1 12 0
54430981 0 0 1 18 0
54430991 0 0 1 12 0
54431004 0 0 1 12 0
54431010 0 0 1 18 0
54431014 0 0 0 0 0
54431025 0 0 1 0 0
54431027 0 0 0 0 0
54431028 0 0 1 28 0
54431081 0 0 1 0 0
54431085 0 0 1 0 0
54431095 0 0 1 22 0
54431096 0 0 1 0 0
54431105 0 0 1 0 0
54431132 0 0 1 0 0
54431158 0 0 0 0 0
54431167 0 0 1 23 0
54431179 0 0 0 0 0
54431195 0 0 0 0 0
54431197 0 0 0 0 0
54431200 0 0 0 0 0
54431201 0 0 0 0 0
54431211 0 0 0 0 0
54431215 0 0 1 0 0
54431236 0 0 1 0 0
54431249 0 0 1 0 0
54431269 0 0 0 0 0
54431273 0 0 1 0 0
54431289 0 0 0 0 0
54431303 0 0 1 0 0
54431305 0 0 1 0 0
54431316 0 0 1 0 0
54431319 0 0 0 0 0
54431330 0 0 1 0 0
54431338 0 0 0 0 0
54431339 0 0 1 0 0
54431356 0 0 1 0 0
54431370 0 0 0 0 0
54431382 0 0 0 0 0
54431384 0 0 1 0 0
54431395 0 0 1 0 0
54431397 0 0 0 0 0
54431413 0 0 0 0 0
54431467 0 0 0 0 0
54431476 0 0 0 0 0
54431483 0 0 1 5 0
54431484 0 0 1 12 0
54431492 0 0 1 0 0
54431504 0 0 0 0 0
54431511 0 0 1 0 0
54431520 0 0 1 0 0
54431525 0 0 0 0 0
54431548 0 0 0 0 0
54431550 0 0 0 0 0
54431576 0 0 1 0 0
54431578 0 0 0 0 0
54431597 0 0 0 0 0
54431609 0 0 0 0 0
54431620 0 0 1 0 0
54431630 0 0 0 0 0
54431632 0 0 1 0 0
54431633 0 0 0 6 0
54431645 0 0 0 0 0
54431650 0 0 0 0 0
54431656 0 0 1 18 0
54431659 0 0 1 40 0
54431661 0 0 1 0 0
54431663 0 0 1 0 1
54431702 0 0 1 0 0
54431725 0 0 0 0 0
54431730 0 0 1 0 0
54431733 0 0 1 15 0
54431748 0 0 1 18 0
54431768 0 0 0 0 0
54431781 0 0 0 0 0
54431796 0 0 0 0 0
54431809 0 0 0 0 0
54431810 0 0 1 236 0
54431836 0 0 1 0 0
54431839 0 0 1 0 0
54431840 0 0 0 0 0
54431854 0 0 0 0 0
54431864 0 0 1 0 0
54431865 0 0 1 0 0
54431877 0 0 0 0 0
54431883 0 0 0 0 0
54431886 0 0 1 0 0
54431893 0 0 1 0 0
54431919 0 0 0 0 0
54431928 0 0 1 0 0
54431933 0 0 0 6 0
54431938 0 0 1 0 0
54431940 0 0 0 0 0
54431947 0 0 0 0 0
54431965 0 0 1 1 0
54431969 0 0 1 0 0
54431972 0 0 0 0 0
54431973 0 0 0 0 0
54431983 0 0 0 0 0
54431994 0 0 1 12 0
54431996 0 0 1 0 0
54431997 0 0 0 0 0
54432001 0 0 1 0 0
54432010 0 0 0 0 0
54432029 0 0 0 0 0
54432031 0 0 1 0 0
54432032 0 0 0 0 0
54432059 0 0 0 0 0
54432060 0 0 0 0 0
54432062 0 0 1 108 0
54432069 0 0 1 0 0
54432070 0 0 0 0 0
54432079 0 0 0 0 0
54432096 0 0 0 0 0
54432100 0 0 0 0 0
54432118 0 0 1 0 0
54432119 0 0 0 0 0
54432128 0 0 1 0 0
54432142 0 0 0 0 0
54432160 0 0 1 115 0
54432161 0 0 1 0 0
54432164 0 0 1 0 0
54432178 0 0 1 22 0
54432198 0 0 0 0 0
54432200 0 0 1 0 0
54432208 0 0 0 0 0
54432209 0 0 1 0 0
54432213 0 0 0 13 0
54432226 0 0 1 0 0
54432233 0 0 0 6 0
54432257 0 0 1 0 0
54432258 0 0 1 37 0
54432265 0 0 0 0 0
54432266 0 0 1 0 0
54432271 0 0 0 0 0
54432273 0 0 1 0 0
54432280 0 0 1 33 0
54432282 0 0 0 0 0
54432296 0 0 0 0 0
54432311 0 0 1 0 0
54432312 0 0 1 0 0
54432319 0 0 0 0 0
54432321 0 0 0 0 0
54432327 0 0 1 0 0
54432346 0 0 1 0 0
54432354 0 0 1 0 0
54432355 0 0 1 32 0
54432356 0 0 0 0 0
54432366 0 0 1 0 0
54432374 0 0 0 0 0
54432376 0 0 0 0 0
54432377 0 0 1 32 0
54432386 0 0 0 0 0
54432410 0 0 1 0 0
54432411 0 0 1 0 0
54432412 0 0 1 24 0
54432423 0 0 0 0 0
54432432 0 0 0 0 0
54432439 0 0 1 0 0
54432444 0 0 0 0 0
54432446 0 0 1 0 0
54432447 0 0 1 0 0
54432450 0 0 0 0 0
54432451 0 0 1 0 0
54432452 0 0 0 0 0
54432472 0 0 0 0 0
54432480 0 0 1 0 0
54432484 0 0 1 229 0
54432485 0 0 1 0 0
54432489 0 0 0 0 0
54432525 0 0 1 0 0
54432530 0 0 1 7 0
54432533 0 0 0 0 0
54432534 0 0 0 0 0
54432538 0 0 1 0 0
54432544 0 0 1 0 0
54432549 0 0 1 18 0
54432554 0 0 0 0 0
54432556 0 0 0 0 0
54432569 0 0 0 22 0
54432570 0 0 1 0 0
54432578 0 0 1 0 0
54432587 0 0 0 0 0
54432589 0 0 0 0 0
54432591 0 0 1 0 0
54432606 0 0 0 0 0
54432609 0 0 0 0 0
54432626 0 0 1 18 0
54432631 0 0 0 0 0
54432633 0 0 1 0 0
54432645 0 0 1 0 0
54432648 0 0 1 0 0
54432670 0 0 0 0 0
54432683 0 0 0 0 0
54432691 0 0 1 0 0
54432698 0 0 1 6 0
54432703 0 0 1 0 0
54432706 0 0 1 0 0
54432708 0 0 0 0 0
54432716 0 0 1 0 0
54432717 0 0 0 0 0
54432720 0 0 1 18 0
54432731 0 0 1 0 0
54432741 0 0 0 0 0
54432747 0 0 0 0 0
54432753 0 0 1 0 0
54432755 0 0 1 0 0
54432763 0 0 0 0 0
54432779 0 0 0 0 0
54432788 0 0 1 0 0
54432808 0 0 0 0 0
54432812 0 0 1 0 0
54432815 0 0 1 0 0
54432825 0 0 0 0 0
54432827 0 0 1 24 0
54432832 0 0 1 31 0
54432845 0 0 1 0 0
54432864 0 0 1 9 0
54432869 0 0 1 0 0
54432870 0 0 0 0 0
54432882 0 0 0 0 0
54432886 0 0 0 0 0
54432890 0 0 1 0 0
54432896 0 0 1 38 0
54432909 0 0 1 0 0
54432915 0 0 0 0 0
54432929 0 0 0 0 0
54432937 0 0 0 0 0
54432949 0 0 0 0 0
54432952 0 0 0 0 0
54432962 0 0 0 0 0
54432963 0 0 0 0 0
54432964 0 0 1 0 0
54432965 0 0 0 0 0
54432973 0 0 1 0 0
54432978 0 0 0 0 0
54432981 0 0 1 15 0
54432995 0 0 1 0 0
54433000 0 0 0 0 0
54433014 0 0 1 0 0
54433017 0 0 1 0 0
54433024 0 0 1 0 0
54433032 0 0 1 0 0
54433044 0 0 0 0 0
54433051 0 0 0 0 0
54433067 0 0 1 234 0
54433074 0 0 0 0 0
54433096 0 0 1 0 0
54433097 0 0 0 0 0
54433102 0 0 1 0 0
54433117 0 0 1 0 0
54433132 0 0 0 0 0
54433142 0 0 1 0 0
54433157 0 0 1 0 0
54433170 0 0 1 0 0
54433172 0 0 1 0 0
54433179 0 0 0 0 0
54433189 0 0 1 0 0
54433200 0 0 1 10 0
54433208 0 0 1 0 0
54433209 0 0 1 18 0
54433215 0 0 1 0 0
54433229 0 0 0 0 0
54433240 0 0 1 0 0
54433245 0 0 1 0 0
54433249 0 0 1 119 0
54433250 0 0 1 31 0
54433270 0 0 0 0 0
54433271 0 0 0 0 0
54433274 0 0 1 0 0
54433277 0 0 1 0 0
54433289 0 0 1 0 0
54433291 0 0 1 1 0
54433292 0 0 0 0 0
54433293 0 0 0 0 0
54433298 0 0 1 0 0
54433301 0 0 1 0 0
54433302 0 0 0 0 0
54433306 0 0 0 0 0
54433314 0 0 1 29 0
54433315 0 0 0 0 0
54433316 0 0 0 0 0
54433326 0 0 1 0 0
54433341 0 0 1 0 0
54433371 0 0 0 0 0
54433381 0 0 0 0 0
54433393 0 0 1 0 0
54433405 0 0 1 10 0
54433407 0 0 1 0 0
54433409 0 0 0 0 0
54433419 0 0 1 0 0
54433434 0 0 0 0 0
54433438 0 0 0 0 0
54433448 0 0 1 0 0
54433449 0 0 1 28 0
54433452 0 0 0 0 0
54433455 0 0 1 0 0
54433457 0 0 1 12 0
54433465 0 0 0 0 0
54433481 0 0 0 0 0
54433483 0 0 1 0 0
54433490 0 0 1 18 0
54433499 0 0 1 12 0
54433512 0 0 0 0 0
54433542 0 0 0 0 0
54433545 0 0 1 0 0
54433551 0 0 1 0 0
54433557 0 0 0 0 0
54433583 0 0 1 0 0
54433595 0 0 1 0 0
54433604 0 0 1 0 0
54433613 0 0 0 0 0
54433624 0 0 0 0 0
54433627 0 0 1 0 0
54433635 0 0 1 0 0
54433637 0 0 1 0 0
54433643 0 0 1 0 0
54433644 0 0 0 0 0
54433648 0 0 1 0 0
54433656 0 0 0 0 0
54433685 0 0 0 0 0
54433687 0 0 1 0 0
54433689 0 0 0 0 0
54433720 0 0 0 0 0
54433729 0 0 1 0 0
54433730 0 0 1 0 0
54433740 0 0 1 6 0
54433771 0 0 1 0 0
54433782 0 0 1 12 0
54433796 0 0 1 0 0
54433813 0 0 1 0 0
54433815 0 0 0 0 0
54433828 0 0 0 0 0
54433834 0 0 1 0 0
54433841 0 0 0 0 0
54433854 0 0 1 0 0
54433855 0 0 1 0 0
54433862 0 0 1 0 0
54433903 0 0 0 0 0
54433906 0 0 1 0 0
54433932 0 0 1 0 0
54433937 0 0 1 0 0
54433949 0 0 0 0 0
54433954 0 0 1 0 0
54433956 0 0 0 0 0
54433971 0 0 0 0 0
54433981 0 0 1 0 0
54433986 0 0 0 0 0
54433989 0 0 1 3 0
54433997 0 0 0 0 0
54433999 0 0 1 0 0
54434003 0 0 0 0 0
54434007 0 0 0 0 0
54434010 0 0 0 0 0
54434016 0 0 1 0 0
54434028 0 0 1 0 0
54434029 0 0 1 12 0
54434033 0 0 1 33 0
54434052 0 0 1 11 0
54434058 0 0 0 0 0
54434067 0 0 1 27 0
54434088 0 0 1 18 0
54434098 0 0 0 0 0
54434109 0 0 1 0 0
54434127 0 0 0 0 0
54434137 0 0 1 0 0
54434139 0 0 0 0 0
54434145 0 0 0 0 0
54434216 0 0 0 0 0
54434249 0 0 1 12 0
54434258 0 0 1 0 0
54434259 0 0 0 0 0
54434269 0 0 0 0 0
54434271 0 0 1 0 0
54434272 0 0 1 0 0
54434285 0 0 1 0 0
54434299 0 0 0 0 0
54434303 0 0 0 0 0
54434307 0 0 0 0 0
54434310 0 0 1 0 0
54434339 0 0 0 0 0
54434348 0 0 0 0 0
54434369 0 0 1 0 0
54434385 0 0 0 0 0
54434407 0 0 1 35 0
54434414 0 0 1 0 0
54434415 0 0 0 0 0
54434422 0 0 1 0 0
54434428 0 0 0 0 0
54434437 0 0 1 263 0
54434449 0 0 1 0 0
54434467 0 0 0 0 0
54434475 0 0 0 0 0
54434476 0 0 0 0 0
54434480 0 0 0 0 0
54434490 0 0 1 0 0
54434505 0 0 1 6 0
54434507 0 0 1 0 0
54434512 0 0 0 0 0
54434514 0 0 0 0 0
54434517 0 0 1 18 0
54434519 0 0 0 0 0
54434526 0 0 0 0 0
54434527 0 0 0 0 0
54434531 0 0 0 0 0
54434533 0 0 1 0 0
54434542 0 0 0 0 0
54434544 0 0 1 0 0
54434548 0 0 0 0 0
54434565 0 0 1 0 0
54434596 0 0 1 0 0
54434609 0 0 0 0 0
54434611 0 0 0 0 0
54434641 0 0 0 0 0
54434655 0 0 0 0 0
54434668 0 0 1 0 0
54434674 0 0 1 0 0
54434675 0 0 0 0 0
54434688 0 0 1 12 0
54434692 0 0 1 0 0
54434694 0 0 1 0 0
54434710 0 0 0 0 0
54434727 0 0 1 10 0
54434743 0 0 0 0 0
54434748 0 0 1 0 0
54434769 0 0 0 0 0
54434773 0 0 1 0 0
54434783 0 0 1 0 0
54434789 0 0 1 0 0
54434798 0 0 1 12 0
54434804 0 0 0 0 0
54434809 0 0 1 0 0
54434831 0 0 1 0 0
54434834 0 0 1 0 0
54434843 0 0 1 0 0
54434844 0 0 1 24 0
54434847 0 0 1 0 0
54434848 0 0 1 6 0
54434851 0 0 0 0 0
54434853 0 0 0 0 0
54434863 0 0 1 0 0
54434872 0 0 0 0 0
54434877 0 0 1 0 0
54434892 0 0 1 0 0
54434944 0 0 1 0 0
54434946 0 0 0 0 0
54434949 0 0 1 0 0
54434957 0 0 1 0 0
54434964 0 0 1 12 0
54434967 0 0 0 0 0
54435001 0 0 0 0 0
54435010 0 0 0 0 0
54435012 0 0 1 0 0
54435016 0 0 1 0 0
54435024 0 0 1 12 0
54435044 0 0 1 0 0
54435060 0 0 1 0 0
54435064 0 0 0 0 0
54435073 0 0 0 0 0
54435074 0 0 1 12 0
54435080 0 0 1 42 0
54435084 0 0 1 0 0
54435095 0 0 0 0 0
54435098 0 0 1 0 0
54435102 0 0 1 24 0
54435103 0 0 0 0 0
54435104 0 0 0 0 0
54435125 0 0 1 0 0
54435159 0 0 1 18 0
54435180 0 0 0 0 0
54435186 0 0 1 0 0
54435204 0 0 1 12 0
54435206 0 0 0 0 0
54435210 0 0 1 0 0
54435216 0 0 1 0 0
54435224 0 0 1 0 0
54435238 0 0 1 0 0
54435262 0 0 0 0 0
54435264 0 0 1 0 0
54435267 0 0 1 0 0
54435272 0 0 1 0 0
54435273 0 0 1 0 0
54435284 0 0 0 0 0
54435285 0 0 1 0 0
54435287 0 0 0 0 0
54435288 0 0 1 0 0
54435301 0 0 0 0 0
54435314 0 0 0 0 0
54435322 0 0 0 0 0
54435336 0 0 1 0 0
54435342 0 0 0 0 0
54435361 0 0 1 0 0
54435367 0 0 1 0 0
54435371 0 0 1 0 0
54435382 0 0 0 0 0
54435428 0 0 1 27 0
54435430 0 0 1 0 0
54435445 0 0 1 18 0
54435453 0 0 1 0 0
54435488 0 0 0 0 0
54435501 0 0 1 18 0
54435515 0 0 1 10 0
54435517 0 0 0 0 0
54435523 0 0 0 0 0
54435526 0 0 0 0 0
54435528 0 0 0 0 0
54435538 0 0 0 29 0
54435544 0 0 0 0 0
54435546 0 0 1 12 0
54435563 0 0 0 0 0
54435564 0 0 1 24 0
54435568 0 0 0 0 0
54435610 0 0 1 18 0
54435615 0 0 1 32 0
54435619 0 0 0 0 0
54435658 0 0 1 0 0
54435660 0 0 0 0 0
54435669 0 0 1 28 0
54435680 0 0 1 449 0
54435690 0 0 1 0 0
54435694 0 0 1 0 0
54435706 0 0 1 0 0
54435719 0 0 0 0 0
54435728 0 0 1 0 0
54435753 0 0 0 0 0
54435760 0 0 0 0 0
54435767 0 0 0 0 0
54435768 0 0 0 0 0
54435776 0 0 0 0 0
54435785 0 0 0 0 0
54435804 0 0 0 0 0
54435817 0 0 0 6 0
54435823 0 0 0 0 0
54435840 0 0 0 0 0
54435844 0 0 1 0 0
54435852 0 0 0 0 0
54435855 0 0 1 34 0
54435861 0 0 1 0 0
54435879 0 0 0 0 0
54435885 0 0 1 0 0
54435889 0 0 1 0 0
54435893 0 0 0 0 0
54435902 0 0 0 0 0
54435932 0 0 0 0 0
54435938 0 0 0 0 0
54435944 0 0 1 22 0
54435946 0 0 1 0 0
54435959 0 0 0 0 0
54435969 0 0 1 0 0
54436003 0 0 1 0 0
54436009 0 0 1 28 0
54436010 0 0 0 0 0
54436026 0 0 0 0 0
54436029 0 0 1 0 0
54436044 0 0 0 0 0
54436055 0 0 0 0 0
54436068 0 0 0 0 0
54436072 0 0 0 0 0
54436080 0 0 0 0 0
54436121 0 0 1 0 0
54436132 0 0 1 0 0
54436135 0 0 1 0 0
54436150 0 0 1 0 0
54436168 0 0 1 0 0
54436195 0 0 0 0 0
54436197 0 0 0 0 0
54436209 0 0 1 0 0
54436210 0 0 1 0 0
54436215 0 0 0 0 0
54436216 0 0 0 0 0
54436219 0 0 1 0 0
54436225 0 0 1 0 0
54436227 0 0 0 0 0
54436229 0 0 0 0 0
54436233 0 0 0 0 0
54436236 0 0 0 0 0
54436247 0 0 0 0 0
54436250 0 0 0 0 0
54436285 0 0 1 0 0
54436288 0 0 1 12 0
54436312 0 0 0 0 0
54436331 0 0 1 0 0
54436338 0 0 0 0 0
54436348 0 0 1 0 0
54436356 0 0 0 0 0
54436367 0 0 1 0 0
54436383 0 0 0 0 0
54436405 0 0 0 0 0
54436409 0 0 1 0 0
54436411 0 0 0 47 0
54436430 0 0 1 0 0
54436447 0 0 1 0 0
54436453 0 0 0 0 0
54436468 0 0 1 3 0
54436472 0 0 1 0 0
54436479 0 0 1 18 0
54436494 0 0 0 0 0
54436501 0 0 1 19 0
54436502 0 0 0 0 0
54436529 0 0 1 0 0
54436531 0 0 0 0 0
54436552 0 0 1 230 0
54436558 0 0 1 176 0
54436587 0 0 0 0 0
54436588 0 0 0 0 0
54436590 0 0 0 0 0
54436624 0 0 0 0 0
54436631 0 0 1 0 0
54436642 0 0 1 0 0
54436653 0 0 1 18 0
54436665 0 0 1 0 0
54436668 0 0 1 0 0
54436681 0 0 1 6 0
54436692 0 0 1 0 0
54436707 0 0 1 12 0
54436721 0 0 1 22 0
54436722 0 0 1 0 0
54436724 0 0 1 0 0
54436754 0 0 1 0 0
54436756 0 0 1 0 0
54436775 0 0 0 0 0
54436787 0 0 1 12 0
54436826 0 0 1 0 0
54436835 0 0 0 0 0
54436843 0 0 0 0 0
54436849 0 0 1 0 0
54436856 0 0 0 0 0
54436866 0 0 1 0 0
54436868 0 0 1 24 0
54436879 0 0 1 12 0
54436883 0 0 1 0 0
54436890 0 0 1 7 0
54436932 0 0 0 10 0
54436939 0 0 0 0 0
54436954 0 0 1 0 0
54436981 0 0 1 0 0
54436982 0 0 0 0 0
54437011 0 0 1 12 0
54437022 0 0 1 1 0
54437027 0 0 1 0 0
54437029 0 0 0 0 0
54437043 0 0 0 12 0
54437049 0 0 1 0 0
54437052 0 0 0 0 0
54437082 0 0 1 0 0
54437083 0 0 1 0 0
54437109 0 0 1 0 0
54437123 0 0 1 0 0
54437134 0 0 1 0 0
54437143 0 0 0 0 0
54437161 0 0 0 0 0
54437195 0 0 0 0 0
54437209 0 0 0 0 0
54437211 0 0 1 0 0
54437223 0 0 1 18 0
54437225 0 0 1 30 0
54437245 0 0 1 14 0
54437266 0 0 0 0 0
54437287 0 0 0 0 0
54437306 0 0 1 0 0
54437318 0 0 1 0 0
54437330 0 0 0 0 0
54437341 0 0 1 0 0
54437358 0 0 0 0 0
54437373 0 0 0 0 0
54437374 0 0 1 0 0
54437390 0 0 1 0 0
54437393 0 0 0 0 0
54437397 0 0 1 0 0
54437413 0 0 1 2 0
54437430 0 0 1 0 0
54437459 0 0 1 0 0
54437472 0 0 1 0 0
54437486 0 0 1 0 0
54437498 0 0 1 0 0
54437501 0 0 1 24 0
54437511 0 0 0 0 0
54437514 0 0 1 28 0
54437515 0 0 0 0 0
54437528 0 0 1 0 0
54437538 0 0 0 0 0
54437544 0 0 1 1 0
54437545 0 0 0 0 0
54437552 0 0 1 0 0
54437569 0 0 0 0 0
54437570 0 0 0 0 0
54437576 0 0 1 28 0
54437624 0 0 0 0 0
54437648 0 0 0 0 0
54437658 0 0 1 0 0
54437708 0 0 1 0 0
54437712 0 0 0 0 0
54437720 0 0 1 0 0
54437721 0 0 0 0 0
54437742 0 0 0 0 0
54437747 0 0 1 33 0
54437748 0 0 0 0 0
54437757 0 0 0 0 0
54437759 0 0 1 0 0
54437778 0 0 0 0 0
54437800 0 0 0 0 0
54437806 0 0 1 0 0
54437818 0 0 1 0 0
54437822 0 0 1 0 0
54437828 0 0 1 18 0
54437834 0 0 1 0 0
54437836 0 0 0 0 0
54437845 0 0 0 0 0
54437854 0 0 1 0 0
54437862 0 0 0 0 0
54437891 0 0 1 24 0
54437892 0 0 0 0 0
54437896 0 0 1 144 0
54437903 0 0 0 0 0
54437911 0 0 0 0 0
54437916 0 0 1 18 0
54437920 0 0 0 0 0
54437924 0 0 0 0 0
54437941 0 0 0 0 0
54437953 0 0 0 0 0
54437991 0 0 1 0 0
54438037 0 0 0 0 0
54438112 0 0 0 0 0
54438121 0 0 1 0 0
54438122 0 0 1 12 0
54438155 0 0 0 0 0
54438165 0 0 0 0 0
54438167 0 0 1 0 0
54438168 0 0 0 0 0
54438186 0 0 0 0 0
54438215 0 0 0 0 0
54438235 0 0 1 0 0
54438263 0 0 1 0 0
54438269 0 0 0 0 0
54438282 0 0 1 0 0
54438291 0 0 0 0 0
54438296 0 0 1 0 0
54438300 0 0 1 0 0
54438311 0 0 1 0 0
54438326 0 0 0 0 0
54438341 0 0 1 0 0
54438344 0 0 0 0 0
54438345 0 0 1 10 0
54438346 0 0 1 0 0
54438361 0 0 1 0 0
54438377 0 0 1 0 0
54438384 0 0 1 0 0
54438393 0 0 0 0 0
54438395 0 0 0 0 0
54438401 0 0 0 0 0
54438406 0 0 1 0 0
54438419 0 0 1 0 0
54438476 0 0 1 0 0
54438505 0 0 1 0 0
54438514 0 0 1 24 0
54438573 0 0 1 0 0
54438581 0 0 1 0 0
54438606 0 0 1 0 0
54438608 0 0 1 0 0
54438612 0 0 0 0 0
54438623 0 0 0 0 0
54438635 0 0 0 0 0
54438646 0 0 1 0 0
54438648 0 0 1 0 0
54438667 0 0 0 0 0
54438670 0 0 0 0 0
54438678 0 0 1 0 0
54438692 0 0 1 0 0
54438697 0 0 0 0 0
54438703 0 0 1 0 0
54438716 0 0 1 12 0
54438724 0 0 1 10 0
54438745 0 0 1 1 0
54438761 0 0 1 0 0
54438769 0 0 1 0 0
54438799 0 0 1 0 0
54438817 0 0 1 6 0
54438838 0 0 1 0 0
54438858 0 0 0 0 0
54438864 0 0 1 29 0
54438870 0 0 0 0 0
54438875 0 0 1 0 0
54438908 0 0 1 10 0
54438912 0 0 1 79 0
54438931 0 0 1 0 0
54438938 0 0 1 0 0
54438981 0 0 0 0 0
54438984 0 0 1 0 0
54438992 0 0 1 0 0
54439016 0 0 0 0 0
54439035 0 0 0 0 0
54439047 0 0 1 18 0
54439082 0 0 1 3 0
54439087 0 0 0 0 0
54439117 0 0 1 12 0
54439119 0 0 1 0 0
54439142 0 0 1 0 0
54439151 0 0 0 0 0
54439161 0 0 0 0 0
54439165 0 0 0 0 0
54439168 0 0 0 0 0
54439173 0 0 1 0 0
54439174 0 0 1 0 0
54439186 0 0 1 0 0
54439196 0 0 1 0 0
54439197 0 0 0 6 0
54439255 0 0 0 0 0
54439261 0 0 0 0 0
54439272 0 0 1 0 0
54439283 0 0 1 0 0
54439284 0 0 1 10 0
54439292 0 0 1 0 0
54439301 0 0 1 34 0
54439306 0 0 1 0 0
54439308 0 0 1 0 0
54439313 0 0 1 7 0
54439314 0 0 1 0 0
54439329 0 0 1 0 0
54439332 0 0 0 0 0
54439336 0 0 0 0 0
54439338 0 0 0 0 0
54439347 0 0 0 0 0
54439358 0 0 1 12 0
54439368 0 0 1 0 0
54439376 0 0 0 0 0
54439390 0 0 1 0 0
54439413 0 0 1 48 0
54439430 0 0 0 0 0
54439433 0 0 1 0 0
54439440 0 0 1 0 0
54439525 0 0 1 0 0
54439549 0 0 1 0 0
54439553 0 0 1 0 0
54439574 0 0 1 0 0
54439579 0 0 0 0 0
54439580 0 0 0 0 0
54439586 0 0 0 0 0
54439596 0 0 0 0 0
54439610 0 0 1 0 0
54439617 0 0 0 0 0
54439635 0 0 0 0 0
54439685 0 0 0 0 0
54439707 0 0 0 0 0
54439720 0 0 1 0 0
54439744 0 0 1 0 0
54439752 0 0 1 6 0
54439785 0 0 0 0 0
54439787 0 0 0 0 0
54439789 0 0 0 0 0
54439792 0 0 0 0 0
54439798 0 0 1 0 0
54439799 0 0 0 0 0
54439836 0 0 0 0 0
54439840 0 0 1 0 0
54439845 0 0 0 0 0
54439858 0 0 0 0 0
54439866 0 0 0 0 0
54439872 0 0 0 0 0
54439876 0 0 0 0 0
54439878 0 0 1 0 0
54439885 0 0 0 0 0
54439890 0 0 0 0 0
54439896 0 0 0 0 0
54439916 0 0 1 0 0
54439936 0 0 1 117 0
54439938 0 0 0 0 0
54439944 0 0 0 0 0
54439959 0 0 1 0 0
54439960 0 0 1 0 0
54440003 0 0 1 2 0
54440016 0 0 1 0 0
54440028 0 0 0 0 0
54440040 0 0 0 0 0
54440047 0 0 0 0 0
54440054 0 0 1 18 0
54440066 0 0 1 0 0
54440109 0 0 1 0 0
54440121 0 0 1 12 0
54440158 0 0 1 18 0
54440169 0 0 1 18 0
54440217 0 0 1 0 0
54440224 0 0 0 0 0
54440237 0 0 1 0 0
54440258 0 0 1 12 0
54440269 0 0 0 0 0
54440280 0 0 1 36 0
54440316 0 0 1 1 0
54440317 0 0 1 0 0
54440321 0 0 0 0 0
54440355 0 0 0 0 0
54440362 0 0 0 0 0
54440373 0 0 1 18 0
54440384 0 0 0 0 0
54440392 0 0 1 0 0
54440399 0 0 0 0 0
54440409 0 0 1 19 0
54440431 0 0 0 0 0
54440456 0 0 1 0 0
54440489 0 0 1 164 0
54440528 0 0 0 0 0
54440551 0 0 0 0 0
54440553 0 0 1 0 0
54440571 0 0 0 0 0
54440581 0 0 1 0 0
54440594 0 0 0 0 0
54440605 0 0 1 0 0
54440654 0 0 1 0 0
54440667 0 0 1 0 0
54440672 0 0 1 384 0
54440683 0 0 0 0 0
54440693 0 0 0 0 0
54440701 0 0 1 24 0
54440705 0 0 1 0 0
54440711 0 0 0 0 0
54440721 0 0 1 0 0
54440732 0 0 0 0 0
54440750 0 0 1 5 0
54440780 0 0 1 167 0
54440785 0 0 0 0 0
54440788 0 0 1 0 0
54440794 0 0 0 0 0
54440819 0 0 1 12 0
54440833 0 0 0 0 0
54440844 0 0 0 0 0
54440859 0 0 0 0 0
54440891 0 0 0 0 0
54440908 0 0 1 0 0
54440941 0 0 1 18 0
54440953 0 0 1 15 0
54440956 0 0 0 0 0
54440978 0 0 1 6 0
54440999 0 0 0 0 0
54441004 0 0 1 0 0
54441006 0 0 1 0 0
54441016 0 0 1 0 0
54441021 0 0 1 0 0
54441022 0 0 0 0 0
54441036 0 0 1 12 0
54441042 0 0 1 166 0
54441047 0 0 0 0 0
54441049 0 0 0 0 0
54441057 0 0 0 0 0
54441064 0 0 1 0 0
54441065 0 0 1 0 0
54441153 0 0 1 0 0
54441168 0 0 1 0 0
54441178 0 0 0 0 0
54441198 0 0 0 3 0
54441210 0 0 1 0 0
54441219 0 0 0 0 0
54441239 0 0 0 0 0
54441248 0 0 0 0 0
54441250 0 0 0 0 0
54441284 0 0 1 29 0
54441322 0 0 1 1 0
54441327 0 0 0 0 0
54441348 0 0 1 0 0
54441357 0 0 0 0 0
54441361 0 0 0 0 0
54441363 0 0 0 0 0
54441374 0 0 1 0 0
54441383 0 0 1 0 0
54441386 0 0 0 0 0
54441410 0 0 0 0 0
54441414 0 0 0 0 0
54441445 0 0 0 0 0
54441456 0 0 0 0 0
54441500 0 0 0 0 0
54441514 0 0 0 5 0
54441523 0 0 1 0 0
54441576 0 0 1 8 0
54441579 0 0 0 0 0
54441597 0 0 0 0 0
54441610 0 0 1 0 0
54441656 0 0 0 0 0
54441673 0 0 1 0 0
54441675 0 0 1 0 0
54441696 0 0 1 34 0
54441711 0 0 0 12 0
54441737 0 0 1 0 0
54441767 3 0 1 0 0
54441770 0 0 0 0 0
54441810 0 0 1 0 0
54441816 0 0 0 0 0
54441824 0 0 0 0 0
54441836 0 0 0 6 0
54441850 0 0 0 0 0
54441866 0 0 0 0 0
54441871 0 0 0 0 0
54441917 0 0 0 0 0
54441923 0 0 1 0 0
54441935 0 0 0 0 0
54441943 0 0 1 0 0
54441945 0 0 0 0 0
54441947 0 0 1 0 0
54441950 0 0 1 0 0
54441974 0 0 1 0 0
54441981 0 0 1 12 0
54441988 0 0 0 0 0
54441999 0 0 0 0 0
54442018 0 0 1 32 0
54442040 0 0 0 0 0
54442041 0 0 1 18 0
54442043 0 0 0 0 0
54442046 0 0 0 0 0
54442055 0 0 1 0 0
54442085 0 0 1 0 0
54442098 0 0 1 0 0
54442156 0 0 1 18 0
54442167 0 0 0 0 0
54442180 0 0 0 0 0
54442207 0 0 1 0 0
54442246 0 0 0 0 0
54442253 0 0 1 0 0
54442257 0 0 1 0 0
54442261 0 0 0 0 0
54442271 0 0 1 0 0
54442274 0 0 1 24 0
54442275 0 0 1 0 0
54442281 0 0 1 0 0
54442284 0 0 1 0 0
54442321 0 0 0 0 0
54442362 0 0 0 0 0
54442366 0 0 0 0 0
54442373 0 0 1 0 0
54442381 0 0 0 6 0
54442384 0 0 1 24 0
54442402 0 0 0 0 0
54442409 0 0 0 0 0
54442438 0 0 0 0 0
54442459 0 0 1 0 0
54442465 0 0 1 0 0
54442467 0 0 0 0 0
54442475 0 0 0 0 0
54442476 0 0 0 0 0
54442477 0 0 1 18 0
54442480 0 0 0 0 0
54442490 0 0 1 0 0
54442500 0 0 1 12 0
54442506 0 0 1 18 0
54442541 0 0 1 10 0
54442568 0 0 1 0 0
54442571 0 0 0 0 0
54442575 0 0 1 0 0
54442589 0 0 1 0 0
54442591 0 0 1 0 0
54442601 0 0 0 0 0
54442613 0 0 1 6 0
54442616 0 0 1 0 0
54442618 0 0 1 0 0
54442668 0 0 1 0 0
54442674 0 0 1 0 0
54442682 0 0 1 0 0
54442686 0 0 1 0 0
54442688 0 0 1 0 0
54442693 0 0 0 0 0
54442718 0 0 1 0 0
54442746 0 0 1 0 0
54442752 0 0 1 0 0
54442772 0 0 1 0 0
54442783 0 0 1 0 0
54442785 0 0 1 18 0
54442793 0 0 0 0 0
54442829 0 0 1 0 0
54442834 0 0 1 6 0
54442841 0 0 1 0 0
54442843 0 0 0 0 0
54442845 0 0 1 0 0
54442850 0 0 0 0 0
54442889 0 0 0 0 0
54442894 0 0 1 0 0
54442895 0 0 0 0 0
54442914 0 0 0 0 0
54442944 0 0 1 0 0
54442963 0 0 0 0 0
54443015 0 0 0 0 0
54443018 0 0 0 0 0
54443030 0 0 1 0 0
54443049 0 0 1 0 0
54443059 0 0 1 10 0
54443072 0 0 0 0 0
54443083 0 0 1 24 0
54443087 0 0 0 0 0
54443104 0 0 1 0 0
54443106 0 0 1 0 0
54443141 0 0 0 0 0
54443145 0 0 1 0 0
54443160 0 0 1 42 0
54443174 0 0 0 0 0
54443175 0 0 0 0 0
54443178 0 0 1 0 0
54443202 0 0 1 0 0
54443225 0 0 0 0 0
54443230 0 0 0 0 0
54443231 0 0 0 0 0
54443235 0 0 1 12 0
54443238 0 0 0 0 0
54443242 0 0 1 12 0
54443267 0 0 1 0 0
54443282 0 0 1 0 0
54443285 0 0 0 0 0
54443304 0 0 0 0 0
54443341 0 0 1 0 0
54443361 0 0 0 0 0
54443391 0 0 1 0 0
54443408 0 0 1 0 0
54443464 0 0 1 0 0
54443482 0 0 0 0 0
54443484 0 0 0 0 0
54443505 0 0 1 0 0
54443508 0 0 1 10 0
54443513 0 0 0 6 0
54443530 0 0 0 0 0
54443590 0 0 1 0 0
54443591 0 0 0 0 0
54443594 0 0 1 74 0
54443604 0 0 0 0 0
54443622 0 0 0 0 0
54443643 0 0 1 18 0
54443644 0 0 1 0 0
54443665 0 0 0 0 0
54443739 0 0 1 0 0
54443759 0 0 1 0 0
54443768 0 0 1 0 0
54443787 0 0 0 0 0
54443822 0 0 1 0 0
54443847 0 0 1 0 0
54443849 0 0 0 0 0
54443864 0 0 0 0 0
54443927 0 0 1 0 0
54443936 0 0 0 0 0
54443972 0 0 0 0 0
54443993 0 0 0 0 0
54444010 0 0 0 0 0
54444011 0 0 1 0 0
54444015 0 0 1 0 0
54444023 0 0 1 0 0
54444059 0 0 1 0 0
54444070 0 0 1 0 0
54444093 0 0 0 0 0
54444108 0 0 1 6 0
54444113 0 0 0 0 0
54444147 0 0 1 0 0
54444177 0 0 0 0 0
54444187 0 0 1 0 0
54444189 0 0 1 23 0
54444199 0 0 0 0 0
54444217 0 0 0 0 0
54444281 0 0 0 0 0
54444285 0 0 0 0 0
54444289 0 0 0 0 0
54444332 0 0 1 0 0
54444335 0 0 0 0 0
54444340 0 0 0 0 0
54444341 0 0 0 0 0
54444352 0 0 0 0 0
54444379 0 0 0 0 0
54444400 0 0 0 0 0
54444402 0 0 1 0 0
54444404 0 0 1 0 0
54444423 0 0 0 0 0
54444428 0 0 0 0 0
54444451 0 0 0 0 0
54444480 0 0 0 0 0
54444496 0 0 1 12 0
54444498 0 0 0 0 0
54444514 0 0 0 0 0
54444581 0 0 1 0 0
54444582 0 0 0 0 0
54444586 0 0 1 0 0
54444647 0 0 0 0 0
54444657 0 0 1 0 0
54444664 0 0 1 0 0
54444671 0 0 1 0 0
54444684 0 0 1 0 0
54444707 0 0 0 0 0
54444748 0 0 0 0 0
54444778 0 0 1 0 0
54444790 0 0 0 0 0
54444810 0 0 1 0 0
54444845 0 0 0 0 0
54444885 0 0 1 18 0
54444928 0 0 0 0 0
54444936 0 0 0 0 0
54444939 0 0 1 0 0
54444942 0 0 1 0 0
54444946 0 0 0 0 0
54445004 0 0 0 0 0
54445042 0 0 1 0 0
54445054 0 0 1 0 0
54445055 0 0 1 0 0
54445062 0 0 1 0 0
54445077 0 0 0 0 0
54445094 0 0 1 0 0
54445126 0 0 1 10 0
54445130 0 0 0 0 0
54445144 0 0 0 0 0
54445188 0 0 1 20 0
54445196 0 0 0 0 0
54445206 0 0 0 0 0
54445215 0 0 1 12 0
54445233 0 0 1 0 0
54445241 0 0 1 6 0
54445264 0 0 1 0 0
54445288 0 0 1 0 0
54445328 0 0 1 21 0
54445334 0 0 0 0 0
54445335 0 0 1 0 0
54445341 0 0 0 0 0
54445377 0 0 1 0 0
54445389 0 0 0 0 0
54445424 0 0 1 12 0
54445449 0 0 1 0 0
54445524 0 0 0 0 0
54445546 0 0 1 21 0
54445548 0 0 0 0 0
54445573 0 0 1 0 0
54445612 0 0 0 0 0
54445626 0 0 1 0 0
54445643 0 0 1 0 0
54445677 0 0 1 18 0
54445860 0 0 0 0 0
54445888 0 0 1 0 0
54445909 0 0 1 13 0
54445913 0 0 1 0 0
54445976 0 0 0 0 0
54445997 0 0 1 12 0
54446056 0 0 0 0 0
54446068 0 0 1 0 0
54446071 0 0 0 0 0
54446075 0 0 0 0 0
54446110 0 0 0 0 0
54446135 0 0 0 0 0
54446139 0 0 1 0 0
54446141 0 0 1 0 0
54446150 0 0 0 0 0
54446159 0 0 0 0 0
54446181 0 0 1 24 0
54446208 0 0 0 0 0
54446218 0 0 1 0 0
54446234 0 0 1 0 0
54446239 0 0 0 0 0
54446244 0 0 1 0 0
54446275 0 0 1 0 0
54446315 0 0 1 0 0
54446353 0 0 0 0 0
54446418 0 0 1 0 0
54446451 0 0 0 0 0
54446465 0 0 1 0 0
54446480 0 0 0 0 0
54446483 0 0 1 11 0
54446541 0 0 1 0 0
54446554 0 0 1 0 0
54446564 0 0 1 0 0
54446585 0 0 0 0 0
54446615 0 0 1 0 0
54446645 0 0 1 0 0
54446652 0 0 0 0 0
54446656 0 0 0 0 0
54446660 0 0 1 0 0
54446714 0 0 1 0 0
54446725 0 0 1 0 0
54446730 0 0 1 165 0
54446741 0 0 1 0 0
54446773 0 0 1 0 0
54446783 0 0 1 0 0
54446830 0 0 0 0 0
54446858 0 0 1 0 0
54446864 0 0 0 0 0
54446908 0 0 1 0 0
54446916 0 0 0 6 0
54446947 0 0 1 0 0
54446967 0 0 1 0 0
54447008 0 0 0 0 0
54447023 0 0 1 0 0
54447044 0 0 1 34 0
54447052 0 0 1 32 0
54447086 2 0 1 53 0
54447088 0 0 1 0 0
54447091 0 0 0 0 0
54447108 0 0 0 0 0
54447114 0 0 0 0 0
54447129 0 0 1 0 0
54447163 0 0 1 0 0
54447196 0 0 0 0 0
54447214 0 0 0 0 0
54447229 0 0 1 0 0
54447272 0 0 0 0 0
54447273 0 0 0 0 0
54447286 0 0 0 0 0
54447309 0 0 1 0 0
54447334 0 0 1 0 0
54447364 0 0 0 0 0
54447406 0 0 0 0 0
54447493 0 0 1 0 0
54447499 0 0 1 0 0
54447540 0 0 0 0 0
54447605 0 0 1 0 0
54447614 0 0 0 0 0
54447627 0 0 0 0 0
54447666 0 0 1 0 0
54447684 0 0 1 0 0
54447699 0 0 0 0 0
54447700 0 0 0 0 0
54447702 0 0 1 0 0
54447715 0 0 1 18 0
54447718 0 0 1 18 0
54447724 0 0 1 0 0
54447727 0 0 1 22 0
54447731 0 0 0 0 0
54447742 0 0 0 0 0
54447756 0 0 1 0 0
54447775 0 0 1 0 0
54447788 0 0 0 0 0
54447790 0 0 1 10 0
54447843 0 0 0 0 0
54447851 0 0 1 10 0
54447861 0 0 1 0 0
54447886 0 0 1 0 0
54447917 0 0 0 0 0
54447925 0 0 1 24 0
54447939 0 0 0 0 0
54447947 0 0 1 28 0
54447975 0 0 0 0 0
54447985 0 0 1 18 0
54448001 0 0 1 0 0
54448025 0 0 0 0 0
54448031 0 0 1 0 0
54448067 0 0 1 0 0
54448079 0 0 1 0 0
54448114 0 0 0 0 0
54448124 0 0 1 12 0
54448146 0 0 1 0 0
54448193 0 0 1 96 0
54448216 0 0 0 0 0
54448218 0 0 0 0 0
54448244 0 0 1 0 0
54448246 593 0 1 208 0
54448327 0 0 0 0 0
54448377 0 0 1 18 0
54448378 0 0 1 0 0
54448425 0 0 1 0 0
54448442 0 0 1 0 0
54448476 0 0 1 19 0
54448484 0 0 0 0 0
54448486 0 0 1 12 0
54448556 0 0 1 0 0
54448576 0 0 0 0 0
54448589 0 0 0 0 0
54448590 0 0 0 0 0
54448591 0 0 1 0 0
54448596 0 0 1 18 0
54448604 0 0 1 0 0
54448616 0 0 0 0 0
54448654 0 0 1 0 0
54448660 0 0 1 0 0
54448665 0 0 1 252 0
54448666 0 0 0 0 0
54448704 0 0 1 0 0
54448750 0 0 0 6 0
54448759 0 0 1 18 0
54448777 0 0 1 0 0
54448847 0 0 1 0 0
54448852 0 0 1 6 0
54448947 0 0 0 0 0
54448971 0 0 1 12 0
54448973 0 0 1 0 0
54448978 0 0 0 0 0
54448980 0 0 0 0 0
54449085 0 0 1 48 0
54449125 0 0 1 5 0
54449227 0 0 0 0 0
54449246 0 0 1 4 0
54449273 0 0 1 0 0
54449277 0 0 0 0 0
54449281 0 0 0 0 0
54449282 0 0 1 0 0
54449307 0 0 0 0 0
54449334 0 0 0 0 0
54449336 0 0 1 0 0
54449365 0 0 0 0 0
54449369 0 0 1 0 0
54449375 0 0 1 7 0
54449400 0 0 0 0 0
54449507 0 0 1 18 0
54449508 0 0 0 0 0
54449532 0 0 1 0 0
54449555 0 0 1 12 0
54449556 0 0 1 0 0
54449569 0 0 1 0 0
54449603 0 0 0 0 0
54449615 0 0 0 0 0
54449621 0 0 0 0 0
54449646 0 0 0 0 0
54449648 0 0 1 243 0
54449676 0 0 1 0 0
54449679 0 0 0 0 0
54449693 0 0 0 0 0
54449694 0 0 1 0 0
54449723 0 0 0 0 0
54449742 0 0 1 0 0
54449758 0 0 1 0 0
54449764 0 0 1 0 0
54449813 0 0 1 0 0
54449814 0 0 0 0 0
54449867 0 0 0 0 0
54449869 0 0 1 0 0
54449881 16 0 1 41 0
54449892 0 0 0 0 0
54449928 0 0 0 0 0
54449976 0 0 1 0 0
54449984 0 0 0 12 0
54450012 0 0 1 0 0
54450029 0 0 1 0 0
54450031 0 0 1 0 0
54450045 0 0 1 12 0
54450079 0 0 0 0 0
54450142 0 0 1 0 0
54450145 0 0 0 0 0
54450164 0 0 0 0 0
54450201 0 0 0 0 0
54450249 0 0 1 12 0
54450264 0 0 1 0 0
54450353 0 0 0 0 0
54450377 0 0 1 20 0
54450394 0 0 1 24 0
54450453 0 0 1 0 0
54450455 0 0 1 18 0
54450458 0 0 0 0 0
54450466 0 0 1 0 0
54450469 0 0 0 0 0
54450564 0 0 1 0 0
54450584 0 0 0 0 0
54450588 0 0 0 0 0
54450596 0 0 0 0 0
54450624 0 0 1 0 0
54450683 0 0 0 0 0
54450712 0 0 1 0 0
54450801 0 0 0 0 0
54450814 0 0 0 0 0
54450860 0 0 0 0 0
54450884 0 0 1 0 0
54450968 0 0 0 0 0
54450978 0 0 0 0 0
54450982 0 0 0 0 0
54450992 0 0 1 0 0
54451007 0 0 0 10 0
54451009 0 0 0 0 0
54451011 0 0 1 6 0
54451033 0 0 1 0 0
54451063 0 0 1 0 0
54451114 0 0 0 0 0
54451115 0 0 1 0 0
54451152 0 0 0 0 0
54451196 0 0 0 0 0
54451207 0 0 1 0 0
54451208 0 0 0 0 0
54451226 0 0 1 0 0
54451262 0 0 1 0 0
54451320 0 0 0 0 0
54451379 0 0 0 0 0
54451389 0 0 1 0 0
54451415 0 0 1 0 0
54451424 0 0 1 0 0
54451437 0 0 1 0 0
54451471 0 0 0 0 0
54451593 0 0 1 19 0
54451605 0 0 1 0 0
54451639 0 0 1 0 0
54451686 0 0 1 0 0
54451692 0 0 1 12 0
54451764 0 0 1 10 0
54451818 0 0 1 0 0
54451834 0 0 0 0 0
54451845 0 0 1 0 0
54451849 0 0 0 0 0
54451855 0 0 0 0 0
54451885 0 0 0 0 0
54451928 0 0 0 0 0
54451983 0 0 0 0 0
54451992 0 0 0 0 0
54452010 0 0 1 0 0
54452018 0 0 0 0 0
54452023 0 0 1 0 0
54452051 0 0 0 0 0
54452126 0 0 0 0 0
54452156 0 0 1 0 0
54452194 0 0 0 0 0
54452214 0 0 1 0 0
54452222 0 0 0 0 0
54452245 0 0 0 0 0
54452273 0 0 0 7 0
54452275 0 0 0 0 0
54452371 0 0 0 0 0
54452387 0 0 0 0 0
54452390 0 0 1 0 0
54452414 0 0 1 0 0
54452458 0 0 1 0 0
54452466 0 0 0 0 0
54452517 0 0 1 0 0
54452532 0 0 1 6 0
54452533 0 0 0 0 0
54452565 0 0 1 0 0
54452660 0 0 0 0 0
54452684 0 0 0 0 0
54452685 0 0 0 0 0
54452695 0 0 1 0 0
54452704 0 0 1 0 0
54452742 0 0 0 0 0
54452784 0 0 0 0 0
54452798 0 0 0 0 0
54452799 0 0 0 0 0
54452803 0 0 1 0 0
54452850 0 0 1 10 0
54452860 0 0 0 0 0
54452867 0 0 1 0 0
54452874 0 0 0 0 0
54452937 0 0 1 0 0
54453002 0 0 1 0 0
54453004 0 0 0 0 0
54453031 0 0 0 0 0
54453035 0 0 1 39 0
54453214 0 0 1 0 0
54453226 0 0 1 0 0
54453291 0 0 0 0 0
54453292 0 0 1 0 0
54453362 0 0 1 0 0
54453413 0 0 0 0 0
54453417 0 0 0 0 0
54453447 0 0 0 0 0
54453453 0 0 1 24 0
54453488 0 0 1 23 0
54453509 0 0 0 0 0
54453521 0 0 0 0 0
54453532 0 0 1 34 0
54453555 0 0 1 48 0
54453588 0 0 1 26 0
54453599 0 0 0 0 0
54453606 0 0 0 0 0
54453631 0 0 0 0 0
54453671 0 0 0 0 0
54453696 0 0 1 0 0
54453717 0 0 1 0 0
54453743 0 0 0 6 0
54453781 0 0 1 0 0
54453804 0 0 1 0 0
54453861 0 0 1 0 0
54453873 0 0 0 0 0
54453980 0 0 0 0 0
54453984 0 0 1 0 0
54454025 0 0 1 0 0
54454031 0 0 1 0 0
54454039 0 0 1 0 0
54454043 0 0 0 0 0
54454096 0 0 1 0 0
54454342 0 0 1 0 0
54454430 0 0 1 0 0
54454471 0 0 0 0 0
54454505 0 0 0 0 0
54454558 0 0 1 0 0
54454585 0 0 0 0 0
54454634 0 0 0 0 0
54454682 0 0 1 0 0
54454694 0 0 0 0 0
54454717 0 0 0 0 0
54454747 0 0 0 0 0
54454764 0 0 0 0 0
54454824 0 0 0 0 0
54454897 0 0 0 0 0
54454914 0 0 0 0 0
54454927 0 0 1 0 0
54454943 0 0 0 0 0
54454977 0 0 1 0 0
54455015 0 0 1 18 0
54455029 0 0 1 0 0
54455030 0 0 1 0 0
54455044 0 0 0 0 0
54455063 0 0 0 0 0
54455088 0 0 1 0 0
54455099 0 0 0 0 0
54455113 0 0 0 0 0
54455137 0 0 1 0 0
54455178 0 0 0 0 0
54455186 0 0 1 12 0
54455276 0 0 1 0 0
54455294 0 0 0 0 0
54455306 0 0 1 0 0
54455352 0 0 1 0 0
54455414 0 0 0 0 0
54455482 0 0 0 0 0
54455500 0 0 1 10 0
54455504 0 0 0 0 0
54455581 0 0 1 18 0
54455584 0 0 1 0 0
54455600 0 0 0 0 0
54455628 0 0 1 0 0
54455683 0 0 1 0 0
54455688 0 0 1 0 0
54455690 0 0 1 0 0
54455943 0 0 1 7 0
54455998 0 0 1 18 0
54456014 0 0 1 0 0
54456021 0 0 1 0 0
54456044 0 0 0 0 0
54456077 0 0 0 0 0
54456102 0 0 0 0 0
54456126 0 0 1 0 0
54456158 0 0 1 0 0
54456187 0 0 1 0 0
54456189 0 0 0 21 0
54456197 0 0 1 25 0
54456225 0 0 1 0 0
54456234 0 0 0 6 0
54456323 0 0 1 0 0
54456343 0 0 0 0 0
54456387 0 0 1 0 0
54456429 0 0 1 0 0
54456439 0 0 1 0 0
54456530 0 0 1 0 0
54456640 0 0 0 0 0
54456686 0 0 1 0 0
54456699 1 0 1 15 0
54456714 0 0 1 0 0
54456723 0 0 0 0 0
54456775 0 0 1 0 0
54456958 0 0 1 0 0
54456984 0 0 1 0 0
54457067 0 0 1 6 0
54457081 0 0 1 0 0
54457132 0 0 1 201 0
54457210 0 0 0 0 0
54457213 0 0 0 0 0
54457222 0 0 1 18 0
54457306 0 0 0 0 0
54457312 0 0 0 0 0
54457441 0 0 1 0 0
54457476 0 0 1 0 0
54457552 0 0 0 0 0
54457558 0 0 0 0 0
54457596 0 0 0 0 0
54457654 0 0 0 0 0
54457674 0 0 0 0 0
54457726 0 0 1 0 0
54457805 0 0 1 0 0
54457871 0 0 0 0 0
54457917 0 0 0 0 0
54457945 0 0 1 18 0
54457980 0 0 1 0 0
54457990 0 0 1 0 0
54458117 0 0 0 0 0
54458164 0 0 0 0 0
54458236 0 0 1 201 0
54458258 0 0 0 22 0
54458313 0 0 1 0 0
54458333 0 0 1 0 0
54458347 0 0 0 0 0
54458354 0 0 0 0 0
54458357 0 0 1 0 0
54458416 0 0 0 0 0
54458503 0 0 0 0 0
54458514 0 0 1 10 0
54458537 0 0 1 6 0
54458557 0 0 1 49 0
54458564 0 0 0 0 0
54458619 0 0 1 0 0
54458643 0 0 1 0 0
54458648 0 0 0 0 0
54458675 0 0 1 6 0
54458716 0 0 1 0 0
54458776 0 0 0 0 0
54458815 0 0 1 0 0
54458816 0 0 0 0 0
54458885 0 0 0 6 0
54458900 0 0 0 0 0
54458914 0 0 0 0 0
54458933 0 0 1 0 0
54459016 0 0 1 10 0
54459040 0 0 0 0 0
54459092 0 0 0 12 0
54459156 0 0 1 0 0
54459169 0 0 1 0 0
54459310 0 0 0 0 0
54459327 0 0 0 0 0
54459405 0 0 1 0 0
54459450 0 0 1 33 0
54459512 0 0 1 0 0
54459541 0 0 0 0 0
54459590 0 0 1 153 0
54459657 0 0 0 0 0
54459714 0 0 0 0 0
54459728 0 0 1 18 0
54459793 0 0 1 0 0
54459820 0 0 0 0 0
54459821 0 0 0 0 0
54460025 0 0 1 0 0
54460096 0 0 1 24 0
54460183 0 0 0 0 0
54460423 0 0 1 26 0
54460488 0 0 0 0 0
54460508 0 0 1 18 0
54460545 0 0 0 0 0
54460729 0 0 1 0 0
