CL-170012{n=28248 c=[52162980.054, 15.997, 37.892, 18.240, 27.391, 43.663] r=[887263.275, 1601.839, 1664.985, 1007.248, 877.622, 1441.155]}
CL-267265{n=20910 c=[35411466.844, 17.631, 69.099, 33.773, 69.621, 106.994] r=[2152813.506, 715.584, 1533.312, 715.098, 1729.782, 1952.083]}
CL-187062{n=25533 c=[57477618.277, 26.347, 48.291, 30.931, 48.143, 58.205] r=[663042.725, 1014.743, 1282.022, 858.781, 1290.501, 1535.410]}
CL-172769{n=32324 c=[42467180.265, 20.050, 47.702, 28.484, 45.205, 46.111] r=[1712122.124, 1206.662, 1124.903, 1144.361, 1316.787, 1163.253]}
CL-25832{n=28116 c=[47975643.135, 9.160, 44.263, 25.443, 50.147, 61.350] r=[1411790.180, 402.227, 1530.682, 1145.843, 2636.630, 2630.082]}
CL-278999{n=33462 c=[10591460.634, 32.093, 110.088, 49.950, 108.852, 151.831] r=[2116051.759, 857.340, 2372.041, 945.417, 2334.696, 2642.392]}
CL-202840{n=51013 c=[2511304.578, 43.578, 160.083, 88.292, 128.977, 165.191] r=[1759605.110, 1687.624, 5420.344, 2382.220, 2430.278, 2632.301]}
CL-120534{n=22202 c=[27655730.382, 29.055, 94.008, 55.426, 94.748, 135.994] r=[2331185.141, 903.242, 1878.672, 1135.965, 2159.789, 3156.860]}
CL-27594{n=18138 c=[54848737.948, 6.122, 34.516, 11.675, 19.915, 35.789] r=[810327.483, 112.002, 939.719, 279.887, 410.151, 786.862]}
CL-31366{n=23268 c=[17363412.123, 34.239, 99.130, 51.905, 100.567, 144.804] r=[2091757.052, 1329.658, 1984.138, 1439.886, 2528.810, 2229.953]}
